117.301 -24.7869 5
122.662 -24.6746 5
130.241 -23.9511 5
138.05 -22.3321 5
144.684 -20.1045 5
150.772 -16.9112 5
156.966 -12.4334 5
160.69 -8.48347 5
163.824 -4.04036 5
166.23 0.533206 5
167.766 5.58959 5
168.309 9.89239 5
168.852 15.4688 5
168.599 21.2824 5
167.766 26.2084 5
166.893 32.368 5
164.86 40.2969 5
161.352 46.9612 5
156.963 52.901 5
151.955 58.2317 5
146.829 63.2855 5
141.028 68.2926 5
134.86 73.3181 5
128.234 77.4332 5
122.318 79.9536 5
115.982 81.7303 5
110.989 82.6827 5
106.168 83.456 5
101.417 83.8549 5
96.6426 84.2557 5
91.006 84.7034 5
85.1482 84.5849 5
77.9179 83.5215 5
72.5967 81.3632 5
68.3805 78.339 5
65.2301 74.872 5
62.216 69.9461 5
59.4879 64.4499 5
57.3259 59.4889 5
55.6923 53.6377 5
54.5436 47.7554 5
53.1861 40.6387 5
51.5975 34.3887 5
50.0816 29.0995 5
47.1654 22.6666 5
43.2272 18.2216 5
35.1575 14.4931 5
29.4836 15.1181 5
24.6434 18.1548 7
21.1883 22.9438 7
18.7126 27.6662 7
17.3807 32.3404 7
16.888 36.2404 5
16.5354 41.6072 5
16.3408 48.2443 5
15.9225 55.7761 5
16.2395 63.3223 5
15.9152 71.0575 5
15.1913 77.2517 5
13.8203 82.4702 5
11.9383 86.4935 5
8.82487 90.5671 5
5.36712 93.3285 5
0.147603 95.5363 5
-5.90923 96.7146 5
-12.7074 95.2831 5
-17.9133 93.1423 5
-22.4062 89.446 5
-24.5595 85.2304 5
-25.1288 80.7253 5
-24.8242 75.993 5
-24.0815 71.3705 5
-23.0716 66.4403 5
-21.9934 60.2094 5
-20.3587 53.2405 5
-19.2972 47.9302 5
-19.8773 41.359 5
-21.2905 35.4683 5
-22.8749 31.1456 5
-24.9571 28.0139 5
-27.2229 25.601 5
-29.834 23.1866 5
-34.2555 20.4378 5
-39.8905 18.1379 5
-46.4436 17.1064 5
-52.0544 17.3857 5
-57.6184 18.6861 5
-63.8294 21.8829 5
-68.8149 26.8858 5
-71.8655 31.9684 5
-74.1614 37.5274 5
-75.39 42.3122 5
-77.3541 49.5855 5
-79.1394 55.7954 5
-80.9243 62.7673 5
-83.5702 70.9102 5
-85.7554 76.8582 5
-89.0852 82.3695 5
-94.3141 86.1942 5
-99.3524 88.0938 5
-102.423 89.0887 5
-106.638 89.4813 5
-111.122 88.2027 5
-114.749 85.6823 5
-117.785 82.5263 5
-121.104 77.813 5
-123.54 73.9049 5
-126.717 67.3248 5
-128.852 60.5162 5
-130.093 52.1103 5
-131.117 43.8485 5
-130.375 35.8473 5
-128.068 27.3122 5
-124.686 19.4466 5
-120.309 12.5485 5
-115.452 6.02354 5
-110.011 0.0162574 5
-103.197 -5.91927 5
-95.1846 -11.2427 5
-87.5804 -15.8962 5
-77.1907 -19.9229 5
-67.0846 -22.2782 5
-55.6182 -23.1488 5
-43.3933 -23.3521 5
-30.9645 -24.0118 5
-18.2838 -24.3988 5
-8.73796 -24.1986 5
4.60103 -23.919 5
16.6591 -23.7411 5
28.19 -23.7409 5
38.5 -23.7407 5
51.3049 -23.7404 5
62.9798 -23.7403 5
74.8868 -23.7401 5
85.6637 -23.7399 5
96.1397 -23.7397 5
107.954 -23.7395 5
