-30 -20 6
-30 -20.0001 6
-30 -20.0003 6
-30 -20.0006 6
-30 -20.001 6
-30 -20.0015 6
-30 -20.0021 6
-29.9999 -20.0028 6
-29.9999 -20.0036 6
-29.9998 -20.0045 6
-29.9997 -20.0055 6
-29.9996 -20.0066 6
-29.9994 -20.0078 6
-29.9992 -20.009 6
-29.9989 -20.0104 6
-29.9987 -20.0119 6
-29.9983 -20.0135 6
-29.9979 -20.0151 6
-29.9975 -20.0169 6
-29.997 -20.0187 6
-29.9965 -20.0206 6
-29.9959 -20.0226 6
-29.9952 -20.0247 6
-29.9944 -20.0269 6
-29.9936 -20.0292 6
-29.9927 -20.0315 6
-29.9917 -20.0339 6
-29.9907 -20.0364 6
-29.9895 -20.0389 6
-29.9883 -20.0416 6
-29.987 -20.0443 6
-29.9856 -20.047 6
-29.9841 -20.0499 6
-29.9825 -20.0527 6
-29.9808 -20.0557 6
-29.979 -20.0587 6
-29.9771 -20.0617 6
-29.9751 -20.0648 6
-29.9729 -20.068 6
-29.9707 -20.0712 6
-29.9684 -20.0744 6
-29.9659 -20.0777 6
-29.9633 -20.081 6
-29.9606 -20.0844 6
-29.9578 -20.0877 6
-29.9548 -20.0911 6
-29.9517 -20.0945 6
-29.9485 -20.098 6
-29.7893 -20.1861 6
-29.7851 -20.1877 6
-29.7807 -20.1893 6
-29.7763 -20.1909 6
-29.7718 -20.1925 6
-29.7672 -20.1942 6
-29.7625 -20.1959 6
-29.7577 -20.1976 6
-29.7528 -20.1994 6
-29.7478 -20.2012 6
-29.7427 -20.2031 6
-29.7375 -20.205 6
-29.7322 -20.2069 6
-29.7269 -20.2089 6
-29.7214 -20.2108 6
-29.7159 -20.2129 6
-29.7102 -20.2149 6
-29.7045 -20.217 6
-29.6986 -20.2191 6
-29.6927 -20.2213 6
-29.6867 -20.2235 6
-29.6806 -20.2257 6
-29.6744 -20.228 6
-29.668 -20.2303 6
-29.6616 -20.2326 6
-29.6552 -20.235 6
-29.6486 -20.2374 6
-29.6419 -20.2398 6
-29.6351 -20.2422 6
-29.6282 -20.2447 6
-29.6213 -20.2473 6
-29.6142 -20.2499 6
-29.6071 -20.2525 6
-29.5998 -20.2551 6
-29.5925 -20.2578 6
-29.5851 -20.2605 6
-29.5775 -20.2632 6
-29.5699 -20.266 6
-29.5622 -20.2688 6
-29.5544 -20.2716 6
-29.5465 -20.2745 6
-29.5385 -20.2774 6
-29.5304 -20.2804 6
-29.5222 -20.2833 6
-29.5139 -20.2864 6
-29.5056 -20.2894 6
-29.4971 -20.2925 6
-29.4885 -20.2956 6
-29.4799 -20.2988 6
-29.4711 -20.3019 6
-29.4623 -20.3052 6
-29.4533 -20.3084 6
-29.4443 -20.3117 6
-29.4352 -20.315 6
-29.426 -20.3184 6
-29.4167 -20.3218 6
-29.4073 -20.3252 6
-29.3978 -20.3286 6
-29.3882 -20.3321 6
-29.3785 -20.3357 6
-29.3687 -20.3392 6
-29.3588 -20.3428 6
-29.3488 -20.3464 6
-29.3388 -20.3501 6
-29.3286 -20.3538 6
-29.3184 -20.3575 6
-29.308 -20.3613 6
-29.2976 -20.3651 6
-29.287 -20.3689 6
-29.2764 -20.3728 6
-29.2657 -20.3767 6
-29.2549 -20.3806 6
-29.244 -20.3846 6
-29.233 -20.3886 6
-29.2219 -20.3927 6
-29.2107 -20.3967 6
-29.1994 -20.4008 6
-29.188 -20.405 6
-29.1765 -20.4092 6
-29.165 -20.4134 6
-29.1533 -20.4176 6
-29.1416 -20.4219 6
-29.1297 -20.4262 6
-29.1178 -20.4305 6
-29.1057 -20.4349 6
-29.0936 -20.4393 6
-29.0814 -20.4438 6
-29.069 -20.4483 6
-29.0566 -20.4528 6
-29.0441 -20.4573 6
-29.0315 -20.4619 6
-29.0188 -20.4666 6
-29.006 -20.4712 6
-28.9932 -20.4759 6
-28.9802 -20.4806 6
-28.9671 -20.4854 6
-28.9539 -20.4902 6
-28.9407 -20.495 6
-28.9273 -20.4999 6
-28.9139 -20.5048 6
-28.9003 -20.5094 6
-28.8865 -20.5139 6
-28.8725 -20.5182 6
-28.8584 -20.5223 6
-28.844 -20.5261 6
-28.8296 -20.5297 6
-28.815 -20.5331 6
-28.8002 -20.5362 6
-28.7852 -20.5391 6
-28.7702 -20.5418 6
-28.7549 -20.5442 6
-28.7396 -20.5463 6
-28.7241 -20.5482 6
-28.7085 -20.5499 6
-28.6927 -20.5513 6
-28.6768 -20.5524 6
-28.6609 -20.5535 6
-28.6448 -20.5546 6
-28.6286 -20.5557 6
-28.6124 -20.5569 6
-28.596 -20.558 6
-28.5795 -20.5592 6
-28.563 -20.5603 6
-28.5463 -20.5615 6
-28.5295 -20.5627 6
-28.5127 -20.5639 6
-28.4957 -20.565 6
-28.4786 -20.5662 6
-28.4614 -20.5674 6
-28.4442 -20.5686 6
-28.4268 -20.5699 6
-28.4093 -20.5711 6
-28.3918 -20.5723 6
-28.3741 -20.5735 6
-28.3563 -20.5748 6
-28.3385 -20.576 6
-28.3205 -20.5773 6
-28.3024 -20.5786 6
-28.2843 -20.5798 6
-28.266 -20.5811 6
-28.2476 -20.5824 6
-28.2292 -20.5837 6
-28.2106 -20.585 6
-28.192 -20.5863 6
-28.1732 -20.5876 6
-28.1543 -20.5889 6
-28.1354 -20.5902 6
-28.1163 -20.5916 6
-28.0971 -20.5929 6
-28.0779 -20.5943 6
-28.0585 -20.5956 6
-28.039 -20.597 6
-28.0195 -20.5983 6
-27.9998 -20.5997 6
-27.9801 -20.6011 6
-27.9602 -20.6025 6
-27.9402 -20.6039 6
-27.9202 -20.6053 6
-27.9 -20.6067 6
-27.8798 -20.6081 6
-27.8594 -20.6095 6
-27.8389 -20.611 6
-27.8184 -20.6124 6
-27.7977 -20.6138 6
-27.777 -20.6153 6
-27.7561 -20.6168 6
-27.7351 -20.6182 6
-27.7141 -20.6197 6
-27.6929 -20.6212 6
-27.6717 -20.6227 6
-27.6503 -20.6242 6
-27.6288 -20.6257 6
-27.6073 -20.6272 6
-27.5856 -20.6287 6
-27.5639 -20.6302 6
-27.542 -20.6317 6
-27.5201 -20.6333 6
-27.498 -20.6348 6
-27.4759 -20.6364 6
-27.4536 -20.6379 6
-27.4312 -20.6395 6
-27.4088 -20.641 6
-27.3862 -20.6426 6
-27.3636 -20.6442 6
-27.3408 -20.6458 6
-27.318 -20.6474 6
-27.295 -20.649 6
-27.272 -20.6506 6
-27.2488 -20.6522 6
-27.2256 -20.6539 6
-27.2022 -20.6555 6
-27.1787 -20.6571 6
-27.1552 -20.6588 6
-27.1315 -20.6604 6
-27.1078 -20.6621 6
-27.0839 -20.6638 6
-27.06 -20.6654 6
-27.0359 -20.6671 6
-27.0118 -20.6688 6
-26.9875 -20.6705 6
-26.9632 -20.6722 6
-26.9387 -20.6739 6
-26.9142 -20.6756 6
-26.8895 -20.6774 6
-26.8648 -20.6791 6
-26.8399 -20.6808 6
-26.815 -20.6826 6
-26.7899 -20.6843 6
-26.7648 -20.6861 6
-26.7395 -20.6878 6
-26.7142 -20.6896 6
-26.6887 -20.6914 6
-26.6632 -20.6932 6
-26.6376 -20.695 6
-26.6118 -20.6968 6
-26.586 -20.6986 6
-26.56 -20.7004 6
-26.534 -20.7022 6
-26.5078 -20.7041 6
-26.4816 -20.7059 6
-26.4552 -20.7077 6
-26.4288 -20.7096 6
-26.4022 -20.7114 6
-26.3756 -20.7133 6
-26.3488 -20.7152 6
-26.322 -20.717 6
-26.2951 -20.7189 6
-26.268 -20.7208 6
-26.2409 -20.7227 6
-26.2136 -20.7246 6
-26.1863 -20.7265 6
-26.1588 -20.7285 6
-26.1313 -20.7304 6
-26.1037 -20.7323 6
-26.0759 -20.7343 6
-26.0481 -20.7362 6
-26.0201 -20.7382 6
-25.9921 -20.7401 6
-25.9639 -20.7421 6
-25.9357 -20.7441 6
-25.9074 -20.746 6
-25.8789 -20.748 6
-25.8504 -20.75 6
-25.8217 -20.752 6
-25.793 -20.754 6
-25.7642 -20.7561 6
-25.7352 -20.7581 6
-25.7062 -20.7601 6
-25.677 -20.7621 6
-25.6478 -20.7642 6
-25.6185 -20.7662 6
-25.589 -20.7683 6
-25.5595 -20.7704 6
-25.5299 -20.7724 6
-25.5001 -20.7745 6
-25.4703 -20.7766 6
-25.4403 -20.7787 6
-25.4103 -20.7808 6
-25.3802 -20.7829 6
-25.3499 -20.785 6
-25.3196 -20.7871 6
-25.2892 -20.7893 6
-22.759 -20.9662 6
-22.7292 -20.9683 6
-22.6993 -20.9704 6
-22.6692 -20.9725 6
-22.6391 -20.9746 6
-22.6089 -20.9767 6
-22.5786 -20.9788 6
-22.5482 -20.9809 6
-22.5177 -20.9831 6
-22.4871 -20.9852 6
-22.4564 -20.9874 6
-22.4256 -20.9895 6
-22.3947 -20.9917 6
-22.3637 -20.9938 6
-22.3326 -20.996 6
-22.3014 -20.9982 6
-22.2701 -21.0004 6
-22.2387 -21.0026 6
-22.2072 -21.0048 6
-22.1756 -21.007 6
-22.1439 -21.0092 6
-22.1121 -21.0114 6
-22.0802 -21.0137 6
-22.0482 -21.0159 6
-22.0161 -21.0181 6
-21.9839 -21.0204 6
-21.9516 -21.0227 6
-21.9192 -21.0249 6
-21.8867 -21.0272 6
-21.8541 -21.0295 6
-21.8214 -21.0318 6
-21.7886 -21.0341 6
-21.7557 -21.0364 6
-21.7227 -21.0387 6
-21.6896 -21.041 6
-21.6564 -21.0433 6
-21.6231 -21.0456 6
-21.5897 -21.048 6
-21.5562 -21.0503 6
-21.5226 -21.0527 6
-21.4889 -21.055 6
-21.4551 -21.0574 6
-21.4212 -21.0597 6
-21.3872 -21.0621 6
-21.3531 -21.0645 6
-21.3189 -21.0669 6
-21.2846 -21.0693 6
-21.2502 -21.0717 6
-21.2157 -21.0741 6
-21.1811 -21.0765 6
-21.1464 -21.079 6
-21.1116 -21.0814 6
-21.0767 -21.0838 6
-21.0417 -21.0863 6
-21.0066 -21.0887 6
-20.9714 -21.0912 6
-20.9361 -21.0937 6
-20.9008 -21.0961 6
-20.8653 -21.0986 6
-20.8297 -21.1011 6
-20.794 -21.1036 6
-20.7582 -21.1061 6
-20.7223 -21.1086 6
-20.6863 -21.1111 6
-20.6502 -21.1137 6
-20.614 -21.1162 6
-20.5777 -21.1187 6
-20.5413 -21.1213 6
-20.5048 -21.1238 6
-20.4682 -21.1264 6
-20.4316 -21.1289 6
-20.3948 -21.1315 6
-20.3579 -21.1341 6
-20.3209 -21.1367 6
-20.2838 -21.1393 6
-20.2466 -21.1419 6
-20.2093 -21.1445 6
-20.1719 -21.1471 6
-20.1344 -21.1497 6
-20.0969 -21.1523 6
-20.0592 -21.155 6
-20.0214 -21.1576 6
-19.9835 -21.1603 6
-19.9455 -21.1629 6
-19.9074 -21.1656 6
-19.8692 -21.1683 6
-19.8309 -21.1709 6
-19.7926 -21.1736 6
-19.7541 -21.1763 6
-19.7155 -21.179 6
-19.6768 -21.1817 6
-19.638 -21.1844 6
-19.5991 -21.1872 6
-19.5601 -21.1899 6
-19.5211 -21.1926 6
-19.4819 -21.1954 6
-19.4426 -21.1981 6
-19.4032 -21.2009 6
-19.3637 -21.2036 6
-19.3241 -21.2064 6
-19.2845 -21.2092 6
-19.2447 -21.2119 6
-19.2048 -21.2147 6
-19.1648 -21.2175 6
-19.1247 -21.2203 6
-19.0845 -21.2231 6
-19.0443 -21.226 6
-19.0039 -21.2288 6
-18.9634 -21.2316 6
-18.9228 -21.2344 6
-18.8821 -21.2373 6
-18.8414 -21.2401 6
-18.8005 -21.243 6
-18.7595 -21.2459 6
-18.7184 -21.2487 6
-18.6772 -21.2516 6
-18.636 -21.2545 6
-18.5946 -21.2574 6
-18.5531 -21.2603 6
-18.5115 -21.2632 6
-18.4698 -21.2661 6
-18.4281 -21.269 6
-18.3862 -21.272 6
-18.3442 -21.2749 6
-18.3021 -21.2778 6
-18.26 -21.2808 6
-18.2177 -21.2838 6
-18.1753 -21.2867 6
-18.1328 -21.2897 6
-18.0903 -21.2927 6
-18.0476 -21.2957 6
-18.0048 -21.2986 6
-17.9619 -21.3016 6
-17.9189 -21.3046 6
-17.8759 -21.3077 6
-17.8327 -21.3107 6
-17.7894 -21.3137 6
-17.746 -21.3167 6
-17.7026 -21.3198 6
-17.659 -21.3228 6
-17.6153 -21.3259 6
-17.5716 -21.3289 6
-17.5277 -21.332 6
-17.4837 -21.3351 6
-17.4396 -21.3382 6
-17.3955 -21.3412 6
-17.3512 -21.3443 6
-17.3068 -21.3474 6
-17.2624 -21.3506 6
-17.2178 -21.3537 6
-17.1731 -21.3568 6
-17.1283 -21.3599 6
-17.0835 -21.3631 6
-17.0385 -21.3662 6
-16.9934 -21.3694 6
-16.9483 -21.3725 6
-16.903 -21.3757 6
-16.8576 -21.3789 6
-16.8121 -21.382 6
-16.7666 -21.3852 6
-16.7209 -21.3884 6
-16.6751 -21.3916 6
-16.6293 -21.3948 6
-16.5833 -21.398 6
-16.5372 -21.4013 6
-16.4911 -21.4045 6
-16.4448 -21.4077 6
-16.3984 -21.411 6
-16.352 -21.4142 6
-16.3054 -21.4175 6
-16.2587 -21.4207 6
-16.212 -21.424 6
-16.1651 -21.4273 6
-16.1181 -21.4306 6
-16.0711 -21.4339 6
-16.0239 -21.4372 6
-15.9766 -21.4405 6
-15.9293 -21.4438 6
-15.8818 -21.4471 6
-15.8343 -21.4504 6
-15.7866 -21.4538 6
-15.7388 -21.4571 6
-15.691 -21.4604 6
-15.643 -21.4638 6
-15.5949 -21.4672 6
-15.5468 -21.4705 6
-15.4985 -21.4739 6
-15.4501 -21.4773 6
-15.4017 -21.4807 6
-15.3531 -21.4841 6
-15.3045 -21.4875 6
-15.2557 -21.4909 6
-15.2068 -21.4943 6
-15.1579 -21.4977 6
-15.1088 -21.5011 6
-15.0597 -21.5046 6
-15.0104 -21.508 6
-14.961 -21.5115 6
-14.9116 -21.5149 6
-14.862 -21.5184 6
-14.8124 -21.5219 6
-14.7626 -21.5254 6
-14.7127 -21.5288 6
-14.6628 -21.5323 6
-14.6127 -21.5358 6
-14.5626 -21.5393 6
-14.5123 -21.5429 6
-14.462 -21.5464 6
-14.4115 -21.5499 6
-14.3609 -21.5534 6
-14.3103 -21.557 6
-14.2595 -21.5605 6
-14.2087 -21.5641 6
-14.1577 -21.5677 6
-14.1067 -21.5712 6
-14.0555 -21.5748 6
-14.0043 -21.5784 6
-13.9529 -21.582 6
-13.9014 -21.5856 6
-13.8499 -21.5892 6
-13.7982 -21.5928 6
-13.7465 -21.5964 6
-13.6946 -21.6 6
-13.6427 -21.6037 6
-13.5906 -21.6073 6
-13.5385 -21.611 6
-13.4862 -21.6146 6
-13.4339 -21.6183 6
-13.3814 -21.6219 6
-13.3289 -21.6256 6
-13.2762 -21.6293 6
-13.2235 -21.633 6
-13.1706 -21.6367 6
-13.1177 -21.6404 6
-13.0646 -21.6441 6
-13.0115 -21.6478 6
-12.9582 -21.6515 6
-12.9049 -21.6553 6
-12.8514 -21.659 6
-12.7979 -21.6627 6
-12.7442 -21.6665 6
-12.6905 -21.6703 6
-12.6366 -21.674 6
-12.5827 -21.6778 6
-12.5286 -21.6816 6
-12.4745 -21.6854 6
-12.4202 -21.6892 6
-12.3659 -21.693 6
-12.3114 -21.6968 6
-12.2569 -21.7006 6
-12.2022 -21.7044 6
-12.1475 -21.7082 6
-12.0926 -21.7121 6
-12.0377 -21.7159 6
-11.9826 -21.7198 6
-11.9275 -21.7236 6
-11.8722 -21.7275 6
-11.8169 -21.7313 6
-11.7615 -21.7352 6
-11.7059 -21.7391 6
-11.6503 -21.743 6
-11.5945 -21.7469 6
-11.5387 -21.7508 6
-11.4827 -21.7547 6
-11.4267 -21.7586 6
-11.3705 -21.7626 6
-11.3143 -21.7665 6
-11.258 -21.7704 6
-11.2015 -21.7744 6
-11.145 -21.7783 6
-11.0883 -21.7823 6
-11.0316 -21.7863 6
-10.9748 -21.7902 6
-10.9178 -21.7942 6
-10.8608 -21.7982 6
-10.8036 -21.8022 6
-10.7464 -21.8062 6
-10.689 -21.8102 6
-10.6316 -21.8142 6
-10.5741 -21.8183 6
-10.5164 -21.8223 6
-10.4587 -21.8263 6
-10.4009 -21.8304 6
-10.3429 -21.8344 6
-10.2849 -21.8385 6
-10.2267 -21.8425 6
-10.1685 -21.8466 6
-10.1102 -21.8507 6
-10.0517 -21.8548 6
-9.99318 -21.8589 6
-9.93455 -21.863 6
-9.87581 -21.8671 6
-9.81697 -21.8712 6
-9.75804 -21.8753 6
-9.699 -21.8794 6
-9.63986 -21.8836 6
-9.58063 -21.8877 6
-9.52129 -21.8919 6
-9.46186 -21.896 6
-9.40232 -21.9002 6
-9.34269 -21.9044 6
-9.28295 -21.9085 6
-9.22312 -21.9127 6
-9.16319 -21.9169 6
-9.10315 -21.9211 6
-9.04302 -21.9253 6
-8.98278 -21.9295 6
-8.92245 -21.9337 6
-8.86202 -21.938 6
-8.80149 -21.9422 6
-8.74085 -21.9464 6
-8.68012 -21.9507 6
-8.61929 -21.9549 6
-8.55836 -21.9592 6
-8.49733 -21.9635 6
-8.4362 -21.9677 6
-8.37496 -21.972 6
-8.31363 -21.9763 6
-8.2522 -21.9806 6
-8.19067 -21.9849 6
-8.12904 -21.9892 6
-8.06731 -21.9935 6
-8.00548 -21.9979 6
-7.94356 -22.0022 6
-7.88153 -22.0065 6
-7.8194 -22.0109 6
-7.75717 -22.0152 6
-7.69484 -22.0196 6
-7.63241 -22.0239 6
-7.56989 -22.0283 6
-7.50726 -22.0327 6
-7.44453 -22.0371 6
-7.3817 -22.0415 6
-7.31878 -22.0459 6
-7.25575 -22.0503 6
-7.19262 -22.0547 6
-7.1294 -22.0591 6
-7.06607 -22.0636 6
-7.00265 -22.068 6
-6.93912 -22.0724 6
-6.8755 -22.0769 6
-6.81177 -22.0813 6
-6.74795 -22.0858 6
-6.68402 -22.0903 6
-6.62 -22.0947 6
-6.55587 -22.0992 6
-6.49165 -22.1037 6
-6.42733 -22.1082 6
-6.3629 -22.1127 6
-6.29838 -22.1172 6
-6.23376 -22.1218 6
-6.16904 -22.1263 6
-6.10421 -22.1308 6
-6.03929 -22.1354 6
-5.97427 -22.1399 6
-5.90915 -22.1445 6
-5.84393 -22.149 6
-5.77861 -22.1536 6
-5.71319 -22.1582 6
-5.64767 -22.1627 6
-5.58205 -22.1673 6
-5.51632 -22.1719 6
-5.45051 -22.1765 6
-5.38459 -22.1811 6
-5.31857 -22.1857 6
-5.25245 -22.1904 6
-5.18623 -22.195 6
-5.11991 -22.1996 6
-5.05349 -22.2043 6
-4.98697 -22.2089 6
-4.92036 -22.2136 6
-4.85364 -22.2183 6
-4.78682 -22.2229 6
-4.7199 -22.2276 6
-4.65289 -22.2323 6
-4.58577 -22.237 6
-4.51855 -22.2417 6
-4.45124 -22.2464 6
-4.38382 -22.2511 6
-4.31631 -22.2558 6
-4.24869 -22.2606 6
-4.18098 -22.2653 6
-4.11316 -22.27 6
-4.04525 -22.2748 6
-3.97723 -22.2795 6
-3.90912 -22.2843 6
-3.8409 -22.2891 6
-3.77259 -22.2939 6
-3.70418 -22.2986 6
-3.63566 -22.3034 6
-3.56705 -22.3082 6
-3.49834 -22.313 6
-3.42952 -22.3178 6
-3.36061 -22.3227 6
-3.2916 -22.3275 6
-3.22249 -22.3323 6
-3.15328 -22.3372 6
-3.08397 -22.342 6
-3.01455 -22.3469 6
-2.94504 -22.3517 6
-2.87543 -22.3566 6
-2.80572 -22.3615 6
-2.73591 -22.3663 6
-2.666 -22.3712 6
-2.59599 -22.3761 6
-2.52588 -22.381 6
-2.45568 -22.3859 6
-2.38537 -22.3909 6
-2.31496 -22.3958 6
-2.24445 -22.4007 6
-2.17384 -22.4056 6
-2.10313 -22.4106 6
-2.03233 -22.4155 6
-1.96142 -22.4205 6
-1.89041 -22.4255 6
-1.8193 -22.4304 6
-1.7481 -22.4354 6
-1.67679 -22.4404 6
-1.60538 -22.4454 6
-1.53388 -22.4504 6
-1.46227 -22.4554 6
-1.39057 -22.4604 6
-1.31876 -22.4654 6
-1.24686 -22.4705 6
-1.17485 -22.4755 6
-1.10275 -22.4805 6
-1.03054 -22.4856 6
-0.958239 -22.4907 6
-0.885836 -22.4957 6
-0.813332 -22.5008 6
-0.740729 -22.5059 6
-0.668026 -22.5109 6
-0.595223 -22.516 6
-0.52232 -22.5211 6
-0.449318 -22.5262 6
-0.376216 -22.5314 6
-0.303014 -22.5365 6
-0.229712 -22.5416 6
-0.156311 -22.5467 6
-0.0828098 -22.5519 6
-0.0092089 -22.557 6
0.0644918 -22.5622 6
0.138292 -22.5673 6
0.212192 -22.5725 6
0.286192 -22.5777 6
0.360292 -22.5829 6
0.434491 -22.588 6
0.508791 -22.5932 6
0.58319 -22.5984 6
0.657688 -22.6036 6
0.732287 -22.6089 6
0.806985 -22.6141 6
0.881783 -22.6193 6
0.956681 -22.6246 6
1.03168 -22.6298 6
1.10678 -22.6351 6
1.18197 -22.6403 6
1.25727 -22.6456 6
1.33267 -22.6509 6
1.40816 -22.6561 6
1.48376 -22.6614 6
1.55945 -22.6667 6
1.63525 -22.672 6
1.71115 -22.6773 6
1.78714 -22.6826 6
1.86323 -22.688 6
1.93943 -22.6933 6
2.01572 -22.6986 6
2.09212 -22.704 6
2.16861 -22.7093 6
2.24521 -22.7147 6
2.3219 -22.72 6
2.39869 -22.7254 6
2.47558 -22.7308 6
2.55258 -22.7362 6
2.62967 -22.7415 6
2.70686 -22.7469 6
2.78415 -22.7523 6
2.86155 -22.7578 6
2.93904 -22.7632 6
38.1671 -22.3591 6
38.2397 -22.3502 6
38.3125 -22.3413 6
38.3853 -22.3323 6
38.4583 -22.3234 6
38.5313 -22.3144 6
38.6045 -22.3054 6
38.6777 -22.2964 6
38.7511 -22.2874 6
38.8245 -22.2784 6
38.8981 -22.2694 6
38.9717 -22.2603 6
39.0455 -22.2513 6
39.1193 -22.2422 6
39.1933 -22.2331 6
39.2673 -22.224 6
39.3414 -22.2149 6
39.4157 -22.2058 6
39.49 -22.1967 6
53.3603 -21.8663 6
53.4335 -21.8701 6
53.5067 -21.8739 6
53.58 -21.8778 6
53.6535 -21.8816 6
53.727 -21.8855 6
53.8006 -21.8893 6
53.8744 -21.8932 6
53.9482 -21.8971 6
54.0221 -21.9009 6
54.0961 -21.9048 6
54.1703 -21.9087 6
54.2445 -21.9126 6
54.3188 -21.9165 6
54.3933 -21.9204 6
54.4678 -21.9243 6
54.5424 -21.9282 6
54.6172 -21.9321 6
54.692 -21.936 6
54.7669 -21.94 6
54.8419 -21.9439 6
54.9171 -21.9478 6
54.9923 -21.9518 6
55.0676 -21.9557 6
55.1431 -21.9597 6
55.2186 -21.9636 6
55.2942 -21.9676 6
55.3699 -21.9716 6
55.4458 -21.9755 6
55.5217 -21.9795 6
55.5977 -21.9835 6
55.6738 -21.9875 6
55.7501 -21.9915 6
55.8264 -21.9955 6
55.9028 -21.9995 6
55.9794 -22.0035 6
56.056 -22.0075 6
56.1327 -22.0115 6
56.2095 -22.0156 6
56.2865 -22.0196 6
56.3635 -22.0236 6
56.4406 -22.0277 6
56.5178 -22.0317 6
72.6123 -22.8752 6
72.6876 -22.8792 6
72.7631 -22.8831 6
72.8386 -22.8871 6
72.9142 -22.891 6
72.99 -22.895 6
73.0658 -22.899 6
73.1417 -22.903 6
73.2177 -22.9069 6
73.2939 -22.9109 6
73.3701 -22.9149 6
73.4464 -22.9189 6
73.5228 -22.9229 6
73.5994 -22.9269 6
73.676 -22.931 6
73.7527 -22.935 6
73.8296 -22.939 6
73.9065 -22.943 6
95.385 -22.6757 6
95.4584 -22.6641 6
95.532 -22.6524 6
95.6057 -22.6408 6
95.6795 -22.6291 6
95.7533 -22.6174 6
95.8273 -22.6057 6
95.9014 -22.5939 6
95.9755 -22.5822 6
96.0498 -22.5704 6
96.1242 -22.5587 6
111.268 -20.8685 6
111.341 -20.8621 6
111.415 -20.8557 6
111.488 -20.8493 6
111.562 -20.8428 6
111.635 -20.8364 6
111.709 -20.8299 6
111.783 -20.8235 6
111.856 -20.817 6
133.317 -18.9395 6
133.388 -18.9333 6
133.459 -18.927 6
133.53 -18.9208 6
133.602 -18.9145 6
133.673 -18.9083 6
133.745 -18.902 6
133.817 -18.8957 6
133.889 -18.8895 6
133.96 -18.8832 6
134.032 -18.8769 6
134.105 -18.8706 6
134.177 -18.8642 6
134.249 -18.8579 6
134.322 -18.8516 6
134.394 -18.8452 6
134.467 -18.8389 6
134.539 -18.8325 6
144.005 -16.2462 6
144.072 -16.2181 6
144.138 -16.19 6
144.204 -16.1619 6
144.271 -16.1337 6
144.337 -16.1055 6
144.404 -16.0772 6
144.47 -16.0489 6
144.537 -16.0205 6
144.604 -15.9922 6
144.671 -15.9637 6
144.738 -15.9353 6
144.805 -15.9068 6
144.872 -15.8782 6
144.94 -15.8497 6
145.007 -15.821 6
152.821 -11.2274 6
152.875 -11.1801 6
152.93 -11.1326 6
152.984 -11.0851 6
153.039 -11.0376 6
153.094 -10.99 6
153.149 -10.9423 6
153.204 -10.8945 6
153.259 -10.8467 6
153.314 -10.7988 6
153.369 -10.7508 6
153.424 -10.7028 6
153.479 -10.6547 6
153.535 -10.6066 6
153.59 -10.5584 6
153.646 -10.5101 6
153.701 -10.4617 6
161.033 -3.37242 6
161.078 -3.31529 6
161.122 -3.25808 6
161.167 -3.20078 6
161.212 -3.14341 6
161.257 -3.08597 6
161.302 -3.02844 6
161.347 -2.97083 6
161.392 -2.91315 6
161.437 -2.85538 6
161.482 -2.79754 6
161.527 -2.73962 6
161.573 -2.68162 6
161.618 -2.62354 6
161.663 -2.56538 6
161.709 -2.50714 6
161.755 -2.44883 6
161.8 -2.39043 6
161.846 -2.33196 6
166.99 11.1163 6
166.99 11.1886 6
166.99 11.2611 6
166.99 11.3337 6
166.99 11.4064 6
166.99 11.4792 6
166.99 11.5521 6
166.99 11.6251 6
166.99 11.6982 6
166.99 11.7714 6
166.99 11.8447 6
166.99 11.9181 6
166.99 11.9916 6
166.99 12.0652 6
166.99 12.1389 6
166.99 12.2127 6
166.99 12.2866 6
166.99 12.3605 6
166.99 12.4346 6
166.99 12.5088 6
166.952 18.1252 6
166.946 18.1986 6
166.939 18.2721 6
166.933 18.3456 6
166.926 18.4193 6
166.92 18.493 6
166.913 18.5669 6
166.907 18.6409 6
166.9 18.7149 6
166.894 18.7891 6
166.887 18.8633 6
166.881 18.9377 6
166.874 19.0122 6
166.868 19.0867 6
166.861 19.1614 6
166.855 19.2361 6
166.848 19.311 6
166.842 19.386 6
166.835 19.461 6
166.829 19.5362 6
166.822 19.6114 6
166.815 19.6868 6
166.809 19.7622 6
166.802 19.8378 6
166.796 19.9135 6
166.789 19.9892 6
166.782 20.0651 6
166.776 20.141 6
166.769 20.2171 6
166.762 20.2932 6
165.418 29.4176 6
165.395 29.4894 6
165.371 29.5612 6
165.348 29.6331 6
165.325 29.7052 6
165.301 29.7773 6
165.278 29.8495 6
165.254 29.9218 6
165.231 29.9942 6
165.207 30.0667 6
165.184 30.1393 6
165.16 30.212 6
165.136 30.2848 6
165.113 30.3577 6
165.089 30.4307 6
165.065 30.5037 6
165.041 30.5769 6
165.018 30.6502 6
164.994 30.7235 6
164.97 30.797 6
164.946 30.8705 6
164.922 30.9442 6
164.898 31.0179 6
164.874 31.0918 6
164.85 31.1657 6
164.826 31.2397 6
164.802 31.3138 6
162.565 37.924 6
162.53 37.9928 6
162.495 38.0617 6
162.46 38.1307 6
162.425 38.1998 6
162.389 38.269 6
162.354 38.3382 6
162.319 38.4076 6
162.283 38.4771 6
162.248 38.5466 6
162.212 38.6162 6
162.177 38.6859 6
162.141 38.7557 6
162.106 38.8256 6
162.07 38.8956 6
162.034 38.9657 6
161.999 39.0359 6
161.963 39.1061 6
161.927 39.1764 6
161.891 39.2469 6
161.855 39.3174 6
161.819 39.388 6
161.783 39.4587 6
161.747 39.5295 6
161.711 39.6004 6
156.339 48.832 6
156.285 48.8893 6
156.232 48.9467 6
156.178 49.0042 6
156.125 49.0617 6
156.071 49.1194 6
156.017 49.1771 6
155.963 49.2348 6
155.909 49.2927 6
155.855 49.3506 6
155.801 49.4086 6
155.747 49.4667 6
155.693 49.5248 6
155.638 49.583 6
149.218 56.4676 6
149.165 56.5251 6
149.111 56.5827 6
149.057 56.6403 6
149.004 56.698 6
148.95 56.7558 6
148.896 56.8137 6
148.842 56.8716 6
148.788 56.9296 6
148.733 56.9877 6
148.679 57.0458 6
148.625 57.1041 6
148.571 57.1624 6
148.516 57.2207 6
148.462 57.2792 6
148.407 57.3377 6
148.352 57.3963 6
148.298 57.455 6
148.243 57.5137 6
148.188 57.5725 6
148.133 57.6314 6
148.078 57.6903 6
148.023 57.7494 6
147.968 57.8085 6
147.913 57.8677 6
147.858 57.9269 6
147.802 57.9862 6
147.747 58.0456 6
147.691 58.1051 6
147.636 58.1646 6
147.58 58.2243 6
147.525 58.284 6
147.469 58.3437 6
147.413 58.4036 6
147.357 58.4635 6
147.301 58.5234 6
147.245 58.5835 6
147.189 58.6436 6
147.133 58.7038 6
147.077 58.7641 6
147.021 58.8245 6
138.107 66.5466 6
138.039 66.5909 6
137.971 66.6352 6
137.902 66.6796 6
137.834 66.724 6
137.765 66.7685 6
137.697 66.813 6
137.628 66.8576 6
137.559 66.9023 6
137.491 66.947 6
137.422 66.9917 6
137.353 67.0365 6
137.284 67.0814 6
137.214 67.1263 6
137.145 67.1713 6
137.076 67.2163 6
137.006 67.2614 6
136.937 67.3065 6
136.867 67.3517 6
136.798 67.397 6
136.728 67.4423 6
136.658 67.4876 6
136.588 67.533 6
136.518 67.5785 6
136.448 67.624 6
127.227 73.1963 6
127.152 73.2298 6
127.076 73.2634 6
127.001 73.297 6
126.925 73.3307 6
126.85 73.3644 6
126.774 73.3982 6
126.698 73.432 6
126.622 73.4658 6
126.546 73.4997 6
126.47 73.5336 6
116.256 77.8146 6
116.174 77.8218 6
116.092 77.829 6
116.01 77.8362 6
115.928 77.8434 6
115.845 77.8506 6
115.763 77.8578 6
115.68 77.865 6
115.598 77.8722 6
115.515 77.8795 6
115.432 77.8867 6
115.349 77.894 6
115.266 77.9012 6
115.183 77.9085 6
115.1 77.9158 6
115.017 77.9231 6
114.933 77.9304 6
114.85 77.9377 6
97.5861 79.4481 6
97.5045 79.4552 6
97.4227 79.4623 6
97.3408 79.4695 6
97.2589 79.4767 6
97.1768 79.4839 6
97.0947 79.4911 6
97.0124 79.4982 6
96.93 79.5054 6
96.8476 79.5127 6
96.765 79.5199 6
96.6824 79.5271 6
96.5996 79.5344 6
96.5167 79.5416 6
96.4338 79.5489 6
96.3507 79.5561 6
96.2676 79.5634 6
96.1843 79.5707 6
96.1009 79.578 6
96.0175 79.5853 6
95.9339 79.5926 6
95.8503 79.5999 6
95.7665 79.6072 6
87.9276 80.293 6
87.8446 80.3003 6
87.7615 80.3076 6
87.6782 80.3149 6
87.5949 80.3222 6
87.5115 80.3295 6
87.4279 80.3368 6
87.3443 80.3441 6
87.2606 80.3514 6
87.1768 80.3587 6
87.0928 80.3661 6
87.0088 80.3734 6
86.9247 80.3808 6
86.8405 80.3882 6
86.7561 80.3955 6
86.6717 80.4029 6
86.5872 80.4103 6
86.5026 80.4177 6
86.4178 80.4251 6
86.333 80.4326 6
86.2481 80.44 6
86.1631 80.4474 6
86.078 80.4549 6
85.9927 80.4623 6
85.9074 80.4698 6
85.822 80.4773 6
85.7365 80.4847 6
81.115 80.4192 6
81.03 80.4103 6
80.945 80.3998 6
80.8601 80.3879 6
80.7754 80.3745 6
80.6908 80.3596 6
80.6063 80.3431 6
80.5221 80.3252 6
80.4381 80.3058 6
80.3543 80.285 6
80.2708 80.2626 6
80.1877 80.2387 6
80.1048 80.2134 6
80.0224 80.1866 6
79.9403 80.1584 6
79.8586 80.1286 6
79.7774 80.0975 6
79.6966 80.0648 6
79.6163 80.0307 6
79.5366 79.9952 6
79.4573 79.9583 6
79.3787 79.9199 6
79.3006 79.8801 6
79.2225 79.8403 6
79.1442 79.8004 6
79.0659 79.7605 6
78.9874 79.7206 6
78.9089 79.6806 6
78.8303 79.6405 6
78.7516 79.6004 6
78.6729 79.5603 6
78.594 79.5201 6
75.4267 77.4745 6
75.3699 77.4068 6
75.3131 77.3391 6
75.2562 77.2713 6
75.1992 77.2034 6
75.1422 77.1355 6
75.0852 77.0675 6
75.028 76.9994 6
74.9708 76.9312 6
74.9135 76.8629 6
74.8562 76.7946 6
74.7988 76.7262 6
74.7413 76.6577 6
74.6838 76.5892 6
74.6262 76.5205 6
74.5686 76.4518 6
74.5109 76.383 6
74.4531 76.3142 6
74.3952 76.2452 6
74.3373 76.1762 6
74.2793 76.1071 6
74.2213 76.0379 6
74.1632 75.9687 6
74.105 75.8994 6
74.0468 75.83 6
73.9885 75.7605 6
73.9301 75.6909 6
73.8717 75.6213 6
73.8132 75.5516 6
73.7546 75.4818 6
73.696 75.412 6
70.2447 71.2986 6
70.1863 71.2291 6
70.1278 71.1594 6
70.0693 71.0897 6
70.0108 71.0199 6
69.9521 70.95 6
69.8934 70.8801 6
69.8347 70.81 6
69.7759 70.7399 6
69.717 70.6697 6
69.658 70.5995 6
69.599 70.5291 6
69.5399 70.4587 6
69.4808 70.3882 6
69.4215 70.3177 6
69.3623 70.247 6
69.3029 70.1763 6
69.2435 70.1055 6
69.1841 70.0347 6
69.1245 69.9637 6
69.0649 69.8927 6
69.0053 69.8216 6
68.9455 69.7504 6
68.8858 69.6792 6
66.3178 66.6189 6
66.2582 66.5478 6
66.1997 66.4756 6
66.1425 66.4023 6
66.0864 66.328 6
66.0317 66.2526 6
65.9781 66.1762 6
65.9259 66.0987 6
65.875 66.0203 6
65.8254 65.9409 6
65.7772 65.8606 6
65.7303 65.7794 6
65.6847 65.6973 6
65.6406 65.6143 6
65.5979 65.5304 6
65.5566 65.4458 6
65.5167 65.3603 6
65.4784 65.2741 6
65.4414 65.1871 6
57.64 44.2925 6
57.604 44.2075 6
57.5678 44.1225 6
57.5317 44.0373 6
57.4955 43.952 6
57.4593 43.8667 6
57.423 43.7813 6
57.3867 43.6957 6
57.3504 43.6101 6
57.314 43.5244 6
57.2775 43.4386 6
57.2411 43.3527 6
57.2046 43.2667 6
57.168 43.1806 6
57.1315 43.0944 6
57.0949 43.0082 6
57.0582 42.9218 6
57.0215 42.8354 6
56.9848 42.7488 6
56.948 42.6622 6
56.9112 42.5755 6
56.8743 42.4886 6
54.7044 37.3766 6
54.6677 37.2902 6
54.6309 37.2036 6
54.5942 37.1169 6
54.5573 37.0302 6
54.5205 36.9434 6
54.4836 36.8564 6
54.4466 36.7694 6
54.4097 36.6823 6
54.3726 36.5951 6
54.3341 36.5084 6
54.2939 36.4224 6
54.2523 36.337 6
54.2091 36.2522 6
54.1644 36.1681 6
54.1182 36.0847 6
54.0704 36.0021 6
54.0212 35.9202 6
53.9706 35.8391 6
53.9198 35.7579 6
53.869 35.6766 6
53.8182 35.5953 6
53.7673 35.5138 6
53.7164 35.4323 6
53.6654 35.3507 6
53.6143 35.269 6
45.469 23.7064 6
45.3884 23.6561 6
45.3077 23.6056 6
45.2269 23.5552 6
45.146 23.5046 6
45.0651 23.454 6
44.9841 23.4034 6
44.9029 23.3527 6
44.8217 23.302 6
44.7404 23.2512 6
44.6591 23.2003 6
44.5776 23.1494 6
44.4961 23.0985 6
44.4144 23.0475 6
44.3327 22.9964 6
44.2509 22.9453 6
44.169 22.8941 6
44.0871 22.8429 6
44.005 22.7916 6
43.9229 22.7403 6
40.8043 20.7916 6
40.7223 20.7404 6
40.6402 20.6891 6
40.5581 20.6377 6
40.4758 20.5863 6
40.3935 20.5349 6
40.3111 20.4834 6
40.2285 20.4318 6
40.146 20.3802 6
40.0633 20.3286 6
39.9805 20.2768 6
39.8977 20.2251 6
39.8148 20.1733 6
39.7317 20.1214 6
39.6486 20.0695 6
39.5655 20.0175 6
39.4822 19.9655 6
39.3988 19.9134 6
39.3154 19.8612 6
39.2319 19.809 6
35.5898 18.1797 6
35.4921 18.1695 6
35.3941 18.1609 6
35.2958 18.154 6
35.1974 18.1489 6
35.0987 18.1454 6
35 18.1437 6
34.9011 18.1437 6
34.8021 18.1454 6
34.7031 18.1489 6
34.604 18.1541 6
34.505 18.161 6
34.406 18.1697 6
34.307 18.1801 6
34.2082 18.1922 6
34.1095 18.2061 6
31.1807 19.3925 6
31.1012 19.4524 6
31.0226 19.5138 6
30.9451 19.5765 6
30.8686 19.6407 6
30.7931 19.7063 6
30.7187 19.7733 6
30.6455 19.8416 6
30.5733 19.9113 6
30.5023 19.9823 6
30.4326 20.0545 6
30.3627 20.1269 6
30.2927 20.1993 6
30.2227 20.2718 6
30.1527 20.3444 6
30.0825 20.417 6
30.0123 20.4897 6
29.942 20.5625 6
29.8717 20.6353 6
29.8013 20.7083 6
29.7308 20.7813 6
29.6602 20.8543 6
29.5896 20.9275 6
29.5189 21.0007 6
29.4481 21.074 6
21.8116 29.5607 6
21.7738 29.6543 6
21.7375 29.7487 6
21.7029 29.8438 6
21.67 29.9395 6
21.6387 30.0359 6
21.609 30.1329 6
21.581 30.2305 6
21.5547 30.3287 6
21.5301 30.4275 6
21.5072 30.5267 6
21.486 30.6264 6
21.4665 30.7266 6
21.4487 30.8272 6
21.4327 30.9282 6
21.4185 31.0296 6
21.406 31.1313 6
21.3953 31.2333 6
21.3863 31.3355 6
21.3792 31.4381 6
21.3738 31.5408 6
21.3702 31.6437 6
17.8349 62.1516 6
17.8023 62.2463 6
17.7697 62.3411 6
17.737 62.4359 6
17.7043 62.5309 6
17.6716 62.6259 6
17.6388 62.721 6
17.6061 62.8163 6
17.5732 62.9116 6
17.5404 63.007 6
17.5075 63.1025 6
17.4746 63.1981 6
17.4416 63.2938 6
17.4086 63.3896 6
17.3756 63.4855 6
17.3426 63.5815 6
17.3095 63.6776 6
17.2764 63.7738 6
10.8723 82.2601 6
10.8285 82.35 6
10.783 82.4391 6
10.736 82.5276 6
10.6874 82.6153 6
10.6372 82.7023 6
10.5854 82.7884 6
10.5321 82.8737 6
10.4773 82.9581 6
10.4209 83.0417 6
10.3631 83.1243 6
10.3037 83.206 6
10.2429 83.2868 6
10.1806 83.3665 6
10.1168 83.4452 6
10.0517 83.5229 6
9.98508 83.5995 6
9.9171 83.675 6
9.84775 83.7494 6
9.77704 83.8226 6
9.705 83.8946 6
9.63163 83.9655 6
9.55697 84.0351 6
9.48103 84.1035 6
9.40383 84.1706 6
9.32539 84.2364 6
6.42404 86.5054 6
6.34348 86.5684 6
6.26284 86.6314 6
6.18211 86.6945 6
6.10131 86.7576 6
6.02043 86.8208 6
5.93947 86.884 6
5.85843 86.9473 6
5.77732 87.0107 6
5.69612 87.0742 6
5.61485 87.1377 6
5.53349 87.2012 6
5.45206 87.2648 6
5.37055 87.3285 6
5.28896 87.3923 6
5.20729 87.4561 6
5.12555 87.5199 6
5.04372 87.5839 6
4.96182 87.6479 6
4.87983 87.7119 6
1.68525 90.2078 6
1.60341 90.2717 6
1.52149 90.3357 6
1.43949 90.3998 6
1.35741 90.4639 6
1.27525 90.5281 6
1.19302 90.5924 6
1.10959 90.6552 6
1.025 90.7167 6
0.939271 90.7767 6
-3.13337 91.831 6
-3.23782 91.831 6
-3.34238 91.831 6
-3.44704 91.831 6
-3.5518 91.831 6
-3.65666 91.831 6
-3.76162 91.831 6
-3.86667 91.831 6
-3.97183 91.831 6
-4.07709 91.831 6
-4.18245 91.831 6
-4.28791 91.831 6
-4.39347 91.831 6
-4.49913 91.831 6
-4.60489 91.831 6
-4.71074 91.831 6
-4.8167 91.831 6
-4.92276 91.831 6
-5.02892 91.831 6
-9.58901 91.831 6
-9.69495 91.831 6
-9.80099 91.831 6
-9.90713 91.831 6
-10.0134 91.831 6
-10.1197 91.831 6
-10.2261 91.831 6
-10.3327 91.831 6
-10.4393 91.831 6
-10.5461 91.831 6
-10.6529 91.831 6
-10.7598 91.831 6
-10.8669 91.831 6
-10.974 91.831 6
-11.0813 91.831 6
-11.1886 91.831 6
-11.296 91.8291 6
-11.4035 91.8254 6
-11.511 91.8198 6
-15.6591 90.1729 6
-15.7521 90.1192 6
-15.8452 90.0654 6
-15.9385 90.0116 6
-16.0318 89.9577 6
-16.1251 89.9038 6
-16.2186 89.8499 6
-16.3122 89.7958 6
-16.4058 89.7418 6
-16.4995 89.6877 6
-16.5933 89.6335 6
-16.6872 89.5793 6
-16.7812 89.525 6
-16.8753 89.4707 6
-16.9695 89.4163 6
-17.0637 89.3619 6
-17.1581 89.3075 6
-17.2525 89.2529 6
-17.347 89.1984 6
-17.4416 89.1438 6
-17.5353 89.0875 6
-17.6281 89.0295 6
-17.72 88.9698 6
-17.8108 88.9085 6
-17.9007 88.8456 6
-17.9896 88.781 6
-18.0774 88.7149 6
-18.1641 88.6471 6
-20.5482 86.0653 6
-20.6203 85.9823 6
-20.6925 85.8993 6
-20.7647 85.8162 6
-20.837 85.733 6
-20.9094 85.6497 6
-20.9818 85.5664 6
-21.0543 85.483 6
-21.1269 85.3995 6
-21.1995 85.3159 6
-21.2722 85.2323 6
-21.345 85.1486 6
-21.4179 85.0648 6
-21.4908 84.9809 6
-21.5637 84.897 6
-21.6367 84.813 6
-21.7098 84.7289 6
-21.783 84.6447 6
-21.8548 84.5592 6
-21.9251 84.4724 6
-21.9939 84.3843 6
-22.0613 84.2949 6
-23.6642 80.0361 6
-23.6931 79.9282 6
-23.7221 79.8202 6
-23.751 79.7121 6
-23.78 79.6039 6
-23.809 79.4956 6
-23.8381 79.3872 6
-23.8672 79.2787 6
-23.8963 79.1701 6
-23.9254 79.0614 6
-23.9545 78.9527 6
-23.9837 78.8438 6
-24.0129 78.7348 6
-24.0402 78.6252 6
-24.0656 78.5151 6
-24.0892 78.4045 6
-24.1108 78.2933 6
-24.1304 78.1817 6
-23.9871 63.7523 6
-23.9852 63.6401 6
-23.9832 63.5278 6
-23.9812 63.4153 6
-23.9793 63.3028 6
-23.9773 63.1902 6
-23.9753 63.0774 6
-23.9734 62.9646 6
-23.9714 62.8517 6
-23.9694 62.7386 6
-23.9675 62.6255 6
-23.9655 62.5123 6
-23.9635 62.3989 6
-23.9615 62.2855 6
-23.9595 62.172 6
-23.9576 62.0583 6
-23.9556 61.9446 6
-23.9536 61.8308 6
-23.9516 61.7168 6
-23.9496 61.6028 6
-23.6921 46.8495 6
-23.6901 46.7366 6
-23.6881 46.6235 6
-23.6862 46.5104 6
-23.6842 46.3971 6
-23.6822 46.2838 6
-23.6802 46.1704 6
-23.6783 46.0568 6
-23.6763 45.9432 6
-23.6743 45.8294 6
-23.6723 45.7156 6
-23.6703 45.6016 6
-23.6683 45.4876 6
-23.6663 45.3735 6
-23.6643 45.2592 6
-23.6623 45.1449 6
-23.6603 45.0304 6
-23.6583 44.9159 6
-23.6563 44.8013 6
-23.6543 44.6865 6
-23.6523 44.5717 6
-23.6503 44.4567 6
-24.6838 35.4868 6
-24.7321 35.3831 6
-24.7805 35.2794 6
-24.8289 35.1756 6
-24.8774 35.0716 6
-24.9259 34.9676 6
-24.9744 34.8635 6
-25.023 34.7593 6
-25.0717 34.655 6
-25.1203 34.5506 6
-25.169 34.4462 6
-25.2178 34.3416 6
-25.2666 34.237 6
-25.3154 34.1322 6
-25.3643 34.0274 6
-25.4133 33.9225 6
-25.4622 33.8175 6
-25.5112 33.7123 6
-25.5603 33.6072 6
-26.9334 30.6626 6
-26.9824 30.5575 6
-27.0315 30.4522 6
-27.0806 30.3469 6
-27.1297 30.2415 6
-27.1789 30.136 6
-27.2281 30.0304 6
-27.2774 29.9248 6
-27.3267 29.819 6
-27.3761 29.7131 6
-27.4255 29.6072 6
-27.4749 29.5012 6
-27.5244 29.395 6
-27.574 29.2888 6
-27.6235 29.1825 6
-27.6732 29.0761 6
-27.7228 28.9696 6
-27.7725 28.863 6
-27.8223 28.7564 6
-27.872 28.6496 6
-27.9219 28.5427 6
-27.9717 28.4358 6
-29.8924 25.6419 6
-29.9814 25.5645 6
-30.0718 25.4887 6
-30.1636 25.4143 6
-30.2568 25.3416 6
-30.3513 25.2704 6
-30.4471 25.2008 6
-30.5442 25.1328 6
-30.6425 25.0664 6
-30.7421 25.0018 6
-30.8428 24.9388 6
-30.9448 24.8776 6
-31.0479 24.8181 6
-31.152 24.7603 6
-31.2573 24.7043 6
-31.3636 24.6502 6
-31.471 24.5978 6
-31.5784 24.5454 6
-31.6859 24.493 6
-31.7935 24.4405 6
-31.9012 24.388 6
-32.009 24.3354 6
-32.1168 24.2828 6
-35.4595 22.6525 6
-35.5673 22.5999 6
-35.6752 22.5473 6
-35.7831 22.4946 6
-35.8912 22.4419 6
-35.9993 22.3892 6
-36.1076 22.3364 6
-36.2159 22.2836 6
-36.3243 22.2307 6
-36.4328 22.1778 6
-36.5414 22.1248 6
-36.6501 22.0718 6
-36.7588 22.0188 6
-36.8677 21.9657 6
-36.9766 21.9125 6
-37.0857 21.8593 6
-37.1948 21.8061 6
-37.304 21.7528 6
-37.4134 21.6995 6
-37.5228 21.6462 6
-37.6322 21.5928 6
-37.7418 21.5393 6
-37.8515 21.4858 6
-37.9613 21.4323 6
-38.0711 21.3787 6
-38.181 21.3251 6
-38.2911 21.2714 6
-38.4012 21.2177 6
-38.5114 21.164 6
-50.7822 20.0812 6
-50.8958 20.1248 6
-51.0096 20.1685 6
-51.1235 20.2122 6
-51.2374 20.2559 6
-51.3515 20.2997 6
-51.4656 20.3435 6
-51.5798 20.3874 6
-51.6942 20.4312 6
-51.8086 20.4752 6
-51.9231 20.5191 6
-52.0377 20.5631 6
-52.1524 20.6071 6
-52.2672 20.6512 6
-52.3821 20.6953 6
-52.497 20.7395 6
-52.6121 20.7836 6
-52.7273 20.8278 6
-56.9857 22.4625 6
-57.1007 22.5066 6
-57.2158 22.5508 6
-57.331 22.595 6
-57.4463 22.6393 6
-57.5617 22.6836 6
-57.6772 22.7279 6
-57.7928 22.7723 6
-57.9084 22.8167 6
-58.0234 22.8631 6
-58.1376 22.9116 6
-58.2511 22.9621 6
-58.3637 23.0147 6
-58.4756 23.0692 6
-58.5865 23.1257 6
-58.6965 23.1842 6
-58.8056 23.2447 6
-58.9137 23.3071 6
-59.0207 23.3714 6
-59.1267 23.4377 6
-59.2316 23.5058 6
-62.4721 27.2644 6
-62.5438 27.3667 6
-62.6155 27.4691 6
-62.6872 27.5716 6
-62.759 27.6742 6
-62.8309 27.7768 6
-62.9028 27.8795 6
-62.9748 27.9823 6
-63.0469 28.0852 6
-63.119 28.1882 6
-63.1912 28.2913 6
-63.2634 28.3944 6
-63.3357 28.4976 6
-63.408 28.6009 6
-63.4804 28.7043 6
-63.5528 28.8078 6
-63.6253 28.9113 6
-63.6979 29.015 6
-63.7705 29.1187 6
-63.8432 29.2225 6
-63.9159 29.3264 6
-67.0409 33.7892 6
-67.1135 33.8929 6
-67.1861 33.9967 6
-67.2589 34.1005 6
-67.3316 34.2045 6
-67.4045 34.3085 6
-67.4774 34.4126 6
-67.5503 34.5168 6
-67.6234 34.621 6
-67.6964 34.7254 6
-67.7695 34.8298 6
-67.8427 34.9343 6
-67.916 35.0389 6
-67.9893 35.1436 6
-68.0626 35.2484 6
-68.136 35.3532 6
-68.2095 35.4582 6
-74.1457 55.5678 6
-74.1589 55.6937 6
-74.1722 55.8198 6
-74.1854 55.9459 6
-74.1987 56.0721 6
-74.212 56.1984 6
-74.2253 56.3248 6
-74.2386 56.4513 6
-74.2519 56.5779 6
-74.2652 56.7047 6
-74.2785 56.8315 6
-74.2919 56.9584 6
-74.3052 57.0854 6
-74.3186 57.2125 6
-74.3319 57.3397 6
-74.3453 57.467 6
-74.3587 57.5944 6
-74.3721 57.7219 6
-74.3855 57.8495 6
-74.3989 57.9773 6
-74.4124 58.1051 6
-74.4258 58.233 6
-74.4393 58.361 6
-74.4527 58.4891 6
-74.4662 58.6173 6
-74.4797 58.7456 6
-74.4932 58.874 6
-74.5067 59.0025 6
-74.5202 59.1311 6
-74.5337 59.2598 6
-74.5473 59.3886 6
-88.9658 83.2778 6
-89.0773 83.3396 6
-89.1899 83.3995 6
-89.3037 83.4575 6
-89.4185 83.5135 6
-89.5344 83.5676 6
-89.6513 83.6196 6
-89.7692 83.6697 6
-89.8881 83.7177 6
-90.0078 83.7637 6
-90.1285 83.8076 6
-90.2492 83.8515 6
-90.37 83.8955 6
-90.491 83.9395 6
-90.612 83.9836 6
-99.015 86.7579 6
-99.143 86.7669 6
-99.2713 86.7736 6
-99.3997 86.7781 6
-99.5283 86.7803 6
-99.657 86.7803 6
-99.7857 86.7781 6
-99.9146 86.7736 6
-100.043 86.7668 6
-100.172 86.7578 6
-100.301 86.7466 6
-100.429 86.733 6
-100.558 86.7173 6
-100.686 86.6992 6
-100.814 86.679 6
-100.942 86.6564 6
-101.069 86.6317 6
-101.196 86.6047 6
-101.324 86.5776 6
-101.451 86.5506 6
-101.578 86.5235 6
-101.706 86.4964 6
-101.833 86.4693 6
-101.961 86.4422 6
-102.089 86.415 6
-102.216 86.3879 6
-102.344 86.3607 6
-106.309 85.5179 6
-106.437 85.4908 6
-106.565 85.4636 6
-106.693 85.4363 6
-106.821 85.4091 6
-106.949 85.3819 6
-107.078 85.3546 6
-107.206 85.3273 6
-107.335 85.3 6
-107.463 85.2704 6
-107.59 85.2385 6
-107.718 85.2045 6
-107.844 85.1681 6
-107.97 85.1296 6
-108.096 85.0888 6
-108.221 85.0458 6
-108.345 85.0005 6
-108.469 84.9531 6
-112.565 81.6935 6
-112.657 81.5985 6
-112.749 81.5034 6
-112.84 81.4082 6
-112.932 81.313 6
-113.025 81.2176 6
-113.117 81.1222 6
-113.209 81.0268 6
-113.301 80.9312 6
-113.393 80.8356 6
-113.486 80.7399 6
-113.578 80.6442 6
-113.671 80.5484 6
-113.763 80.4525 6
-113.856 80.3565 6
-113.949 80.2605 6
-114.042 80.1644 6
-114.135 80.0682 6
-114.227 79.9719 6
-114.321 79.8756 6
-114.414 79.7792 6
-114.507 79.6827 6
-114.6 79.5862 6
-117.356 76.1422 6
-117.429 76.0297 6
-117.502 75.9172 6
-117.575 75.8045 6
-117.649 75.6918 6
-117.722 75.579 6
-117.795 75.4662 6
-117.869 75.3532 6
-117.942 75.2402 6
-118.015 75.127 6
-118.089 75.0138 6
-118.163 74.9005 6
-118.236 74.7871 6
-118.31 74.6737 6
-118.384 74.5601 6
-118.457 74.4465 6
-118.531 74.3328 6
-118.605 74.219 6
-118.679 74.1051 6
-118.753 73.9911 6
-118.827 73.8771 6
-118.901 73.7629 6
-118.975 73.6487 6
-121.074 68.6754 6
-121.109 68.544 6
-121.144 68.4126 6
-121.18 68.281 6
-121.215 68.1493 6
-121.25 68.0176 6
-121.285 67.8857 6
-121.321 67.7538 6
-121.356 67.6217 6
-121.392 67.4896 6
-121.427 67.3574 6
-121.462 67.225 6
-121.498 67.0926 6
-121.533 66.9601 6
-121.569 66.8275 6
-121.605 66.6947 6
-121.64 66.5619 6
-121.676 66.429 6
-121.711 66.296 6
-121.747 66.1629 6
-121.783 66.0297 6
-121.818 65.8964 6
-121.854 65.763 6
-121.89 65.6295 6
-121.926 65.4959 6
-121.962 65.3622 6
-121.997 65.2285 6
-122.033 65.0946 6
-122.069 64.9606 6
-122.105 64.8265 6
-122.141 64.6924 6
-122.177 64.5581 6
-126.492 46.7054 6
-126.48 46.5681 6
-126.466 46.4309 6
-126.449 46.2938 6
-126.43 46.157 6
-126.41 46.02 6
-126.391 45.883 6
-126.372 45.7459 6
-126.352 45.6086 6
-126.333 45.4713 6
-126.314 45.3339 6
-126.295 45.1963 6
-126.275 45.0587 6
-126.256 44.921 6
-126.236 44.7831 6
-126.217 44.6452 6
-126.198 44.5072 6
-126.178 44.3691 6
-126.159 44.2309 6
-126.139 44.0925 6
-126.12 43.9541 6
-126.1 43.8156 6
-126.081 43.677 6
-125.077 36.9005 6
-125.041 36.7655 6
-125.002 36.6311 6
-124.961 36.4973 6
-124.918 36.3642 6
-124.873 36.2317 6
-124.825 36.1 6
-124.774 35.969 6
-124.722 35.8388 6
-124.667 35.7095 6
-124.61 35.581 6
-124.55 35.4535 6
-124.488 35.327 6
-124.427 35.2003 6
-124.365 35.0736 6
-124.303 34.9468 6
-124.241 34.8199 6
-124.179 34.6929 6
-124.117 34.5658 6
-124.055 34.4386 6
-123.993 34.3113 6
-123.931 34.184 6
-121.2 28.5847 6
-121.138 28.4575 6
-121.076 28.3303 6
-121.014 28.2029 6
-120.952 28.0755 6
-120.889 27.948 6
-120.827 27.8204 6
-120.765 27.6927 6
-120.703 27.5649 6
-120.64 27.437 6
-120.578 27.3091 6
-120.515 27.181 6
-120.453 27.0529 6
-120.39 26.9246 6
-120.328 26.7963 6
-120.265 26.6679 6
-120.202 26.5394 6
-120.14 26.4108 6
-120.077 26.2821 6
-120.014 26.1534 6
-119.951 26.0245 6
-119.888 25.8955 6
-119.826 25.7665 6
-119.763 25.6374 6
-119.699 25.5082 6
-119.636 25.3788 6
-119.573 25.2494 6
-119.51 25.12 6
-119.447 24.9904 6
-119.384 24.8607 6
-119.32 24.7309 6
-119.257 24.6011 6
-119.191 24.4723 6
-119.124 24.3445 6
-105.916 7.25546 6
-105.828 7.14247 6
-105.739 7.02941 6
-105.651 6.91626 6
-105.563 6.80304 6
-105.474 6.68974 6
-105.385 6.57636 6
-105.297 6.4629 6
-105.208 6.34936 6
-105.119 6.23574 6
-105.031 6.12205 6
-104.942 6.00828 6
-104.853 5.89442 6
-104.764 5.78049 6
-104.675 5.66648 6
-104.585 5.55239 6
-104.496 5.43822 6
-104.407 5.32397 6
-104.318 5.20965 6
-104.228 5.09524 6
-104.139 4.98076 6
-104.049 4.8662 6
-103.96 4.75155 6
-103.87 4.63684 6
-103.78 4.52204 6
-103.691 4.40716 6
-103.601 4.2922 6
-103.511 4.17717 6
-103.421 4.06205 6
-103.331 3.94686 6
-103.241 3.83159 6
-103.151 3.71624 6
-98.5535 -2.15582 6
-98.4576 -2.26607 6
-98.3598 -2.3747 6
-98.26 -2.48169 6
-98.1583 -2.58698 6
-98.0548 -2.69056 6
-97.9493 -2.79239 6
-97.842 -2.89242 6
-97.733 -2.99064 6
-97.6221 -3.087 6
-97.5095 -3.18148 6
-97.3952 -3.27404 6
-97.2792 -3.36466 6
-97.1616 -3.45329 6
-97.0424 -3.53992 6
-96.9216 -3.62451 6
-96.8007 -3.70916 6
-96.6797 -3.79387 6
-96.5586 -3.87864 6
-85.9299 -11.321 6
-85.8094 -11.4054 6
-85.6888 -11.4898 6
-85.5681 -11.5743 6
-85.4473 -11.6589 6
-85.3265 -11.7435 6
-85.2056 -11.8281 6
-85.0846 -11.9129 6
-84.9635 -11.9976 6
-84.8409 -12.0803 6
-84.7168 -12.161 6
-84.5912 -12.2394 6
-84.4641 -12.3158 6
-84.3357 -12.3899 6
-84.2059 -12.4619 6
-84.0747 -12.5316 6
-83.9423 -12.5991 6
-83.8087 -12.6643 6
-83.6738 -12.7272 6
-83.5378 -12.7877 6
-83.4006 -12.846 6
-83.2623 -12.9018 6
-83.123 -12.9553 6
-82.9827 -13.0064 6
-82.8414 -13.055 6
-82.6992 -13.1012 6
-82.5562 -13.1449 6
-82.4123 -13.1862 6
-82.2676 -13.225 6
-82.1221 -13.2612 6
-81.9759 -13.295 6
-81.8291 -13.3262 6
-58.547 -16.2113 6
-58.3993 -16.2294 6
-58.2516 -16.2475 6
-58.1038 -16.2657 6
-57.9558 -16.2839 6
-57.8078 -16.302 6
-57.6596 -16.3202 6
-57.5114 -16.3384 6
-57.3631 -16.3566 6
-57.2146 -16.3749 6
-57.0661 -16.3931 6
-56.9174 -16.4114 6
-56.7687 -16.4296 6
-56.6199 -16.4479 6
-56.4709 -16.4662 6
-56.3219 -16.4845 6
-56.1728 -16.5028 6
-56.0235 -16.5211 6
-55.8742 -16.5395 6
-55.7248 -16.5578 6
-55.5753 -16.5762 6
-55.4256 -16.5945 6
-55.2759 -16.6129 6
-55.1261 -16.6313 6
-54.9762 -16.6497 6
-54.8261 -16.6681 6
-54.676 -16.6866 6
-54.5258 -16.705 6
-54.3755 -16.7235 6
-28.3513 -19.9188 6
-28.2025 -19.9371 6
-28.0536 -19.9554 6
-27.9046 -19.9737 6
-27.7554 -19.992 6
-27.6062 -20.0103 6
-27.4569 -20.0287 6
-27.3075 -20.047 6
-27.158 -20.0654 6
-27.0084 -20.0837 6
-26.8587 -20.1021 6
-26.7089 -20.1205 6
-26.5591 -20.1389 6
-26.4091 -20.1573 6
-26.259 -20.1757 6
-26.1088 -20.1942 6
-25.9585 -20.2126 6
-25.8081 -20.2311 6
-25.6576 -20.2496 6
-25.507 -20.2681 6
-25.3563 -20.2866 6
-8.23014 -22.3894 6
-8.08037 -22.4078 6
-7.93051 -22.4262 6
-7.78054 -22.4446 6
-7.63047 -22.463 6
-7.48031 -22.4815 6
-7.33004 -22.4999 6
-7.17968 -22.5184 6
-7.02922 -22.5369 6
-6.87865 -22.5553 6
-6.72799 -22.5738 6
-6.57723 -22.5924 6
-6.42637 -22.6109 6
-6.27541 -22.6294 6
-6.12436 -22.648 6
-5.9732 -22.6665 6
-5.82194 -22.6851 6
-5.67058 -22.7037 6
-5.51913 -22.7223 6
-5.36757 -22.7409 6
-5.21592 -22.7595 6
-5.06417 -22.7781 6
-4.91231 -22.7968 6
-4.76036 -22.8154 6
-4.60831 -22.8341 6
-4.45616 -22.8528 6
-4.30391 -22.8715 6
-4.15156 -22.8902 6
18.2945 -24.2696 6
18.4449 -24.2458 6
18.5953 -24.2219 6
18.7458 -24.1981 6
18.8965 -24.1742 6
19.0472 -24.1504 6
19.1981 -24.1265 6
19.349 -24.1026 6
19.5001 -24.0786 6
19.6512 -24.0547 6
19.8024 -24.0307 6
19.9538 -24.0068 6
20.1052 -23.9828 6
20.2567 -23.9588 6
20.4084 -23.9348 6
20.5601 -23.9107 6
20.7119 -23.8867 6
20.8639 -23.8626 6
21.0159 -23.8386 6
21.168 -23.8145 6
21.3202 -23.7904 6
21.4726 -23.7662 6
21.625 -23.7421 6
21.7775 -23.7179 6
35.6432 -21.7328 6
35.7965 -21.7435 6
35.9497 -21.7569 6
36.1028 -21.773 6
36.2557 -21.7918 6
36.4083 -21.8132 6
36.561 -21.8347 6
36.7139 -21.8562 6
36.8668 -21.8777 6
55.1656 -24.3738 6
55.319 -24.3738 6
55.4725 -24.3711 6
55.6261 -24.3658 6
55.7796 -24.3577 6
55.9331 -24.347 6
56.0864 -24.3336 6
56.2396 -24.3175 6
56.3926 -24.2987 6
56.5457 -24.2799 6
56.6989 -24.2611 6
56.8521 -24.2423 6
57.0055 -24.2234 6
57.159 -24.2046 6
57.3126 -24.1857 6
74.0052 -22.1361 6
74.1579 -22.1174 6
74.3107 -22.0986 6
74.4636 -22.0798 6
74.6166 -22.0611 6
74.7698 -22.0423 6
74.923 -22.0235 6
75.0763 -22.0046 6
75.2297 -21.9858 6
75.3832 -21.9669 6
75.5368 -21.9481 6
75.6905 -21.9292 6
75.8443 -21.9103 6
75.9982 -21.8914 6
76.1522 -21.8725 6
76.3063 -21.8536 6
76.4605 -21.8347 6
76.6148 -21.8157 6
76.7692 -21.7968 6
76.9237 -21.7778 6
97.6165 -20.3008 6
97.7711 -20.3008 6
97.9257 -20.3008 6
98.0804 -20.3008 6
98.2352 -20.3008 6
98.3902 -20.3008 6
98.5452 -20.3008 6
98.7003 -20.3008 6
98.8555 -20.3008 6
99.0109 -20.3008 6
99.1663 -20.3008 6
99.3218 -20.3008 6
99.4774 -20.3008 6
99.6332 -20.3008 6
99.789 -20.3008 6
99.9449 -20.3008 6
120.299 -20.3008 6
120.454 -20.3008 6
120.609 -20.3008 6
120.764 -20.3008 6
120.919 -20.3008 6
121.074 -20.3008 6
121.229 -20.3008 6
121.385 -20.3008 6
121.54 -20.3008 6
121.696 -20.3008 6
121.852 -20.3008 6
122.007 -20.3008 6
122.163 -20.3008 6
122.319 -20.3008 6
122.476 -20.3008 6
122.632 -20.3008 6
122.788 -20.3008 6
122.944 -20.3008 6
123.101 -20.3008 6
123.258 -20.3008 6
123.414 -20.3008 6
123.571 -20.3008 6
123.728 -20.3008 6
123.885 -20.3008 6
124.042 -20.3008 6
124.199 -20.3008 6
124.357 -20.3008 6
124.514 -20.3008 6
124.672 -20.3008 6
124.829 -20.3008 6
124.987 -20.3008 6
125.145 -20.3008 6
125.303 -20.3008 6
140.544 -17.692 6
140.691 -17.6357 6
140.836 -17.5768 6
140.981 -17.5153 6
141.125 -17.4513 6
141.268 -17.3847 6
141.41 -17.3156 6
141.55 -17.244 6
141.69 -17.1698 6
141.829 -17.0957 6
141.969 -17.0215 6
142.108 -16.9473 6
142.248 -16.873 6
142.388 -16.7986 6
142.528 -16.7242 6
142.668 -16.6498 6
142.808 -16.5753 6
142.948 -16.5008 6
143.088 -16.4262 6
143.228 -16.3516 6
143.369 -16.2769 6
143.509 -16.2022 6
143.65 -16.1275 6
143.791 -16.0527 6
143.931 -15.9778 6
144.072 -15.9029 6
144.213 -15.828 6
144.354 -15.753 6
144.495 -15.6779 6
144.637 -15.6028 6
144.778 -15.5277 6
144.919 -15.4525 6
149.131 -13.147 6
149.262 -13.0552 6
149.391 -12.961 6
149.519 -12.8646 6
149.646 -12.7659 6
149.77 -12.6649 6
149.893 -12.5617 6
150.015 -12.4563 6
150.134 -12.3487 6
150.252 -12.239 6
150.368 -12.1272 6
150.481 -12.0133 6
150.593 -11.8974 6
150.703 -11.7795 6
150.811 -11.6596 6
150.917 -11.5377 6
151.023 -11.4158 6
151.129 -11.2938 6
151.235 -11.1717 6
151.342 -11.0496 6
151.448 -10.9273 6
151.554 -10.805 6
151.661 -10.6826 6
151.767 -10.5602 6
151.873 -10.4377 6
151.98 -10.3151 6
152.087 -10.1924 6
152.193 -10.0696 6
152.3 -9.94678 6
152.407 -9.82388 6
152.514 -9.70089 6
152.621 -9.57783 6
157.538 -3.92148 6
157.645 -3.79861 6
157.752 -3.67566 6
157.859 -3.55264 6
157.966 -3.42954 6
158.073 -3.30637 6
158.18 -3.18312 6
158.287 -3.0598 6
158.394 -2.9364 6
158.502 -2.81293 6
158.609 -2.68938 6
158.716 -2.56575 6
158.824 -2.44205 6
158.932 -2.31828 6
159.039 -2.19443 6
159.147 -2.0705 6
159.255 -1.9465 6
159.363 -1.82242 6
159.471 -1.69827 6
159.578 -1.57404 6
159.687 -1.44974 6
159.795 -1.32536 6
159.901 -1.19903 6
160.005 -1.0708 6
160.106 -0.940695 6
160.206 -0.808757 6
160.303 -0.675023 6
160.398 -0.539532 6
160.49 -0.402322 6
160.58 -0.263435 6
160.668 -0.122909 6
160.754 0.0192127 6
160.837 0.16289 6
160.917 0.308081 6
160.995 0.454742 6
161.07 0.602832 6
161.143 0.752305 6
161.872 7.2525 6
161.854 7.41771 6
161.837 7.58301 6
161.82 7.74841 6
161.802 7.91392 6
161.785 8.07952 6
161.767 8.24522 6
161.75 8.41102 6
161.732 8.57692 6
161.715 8.74292 6
161.698 8.90902 6
161.68 9.07522 6
161.663 9.24152 6
161.645 9.40792 6
161.628 9.57442 6
161.61 9.74101 6
161.593 9.90771 6
161.575 10.0745 6
161.558 10.2414 6
161.54 10.4084 6
161.522 10.5755 6
161.505 10.7427 6
161.487 10.91 6
161.47 11.0774 6
161.452 11.2449 6
161.434 11.4125 6
161.417 11.5801 6
161.399 11.7479 6
161.382 11.9158 6
161.364 12.0838 6
161.346 12.2519 6
161.329 12.4201 6
161.311 12.5884 6
161.293 12.7568 6
159.809 26.875 6
159.792 27.0427 6
159.774 27.2106 6
159.756 27.3785 6
159.739 27.5466 6
159.721 27.7148 6
159.703 27.883 6
159.686 28.0514 6
159.668 28.2198 6
159.65 28.3884 6
159.633 28.557 6
159.615 28.7258 6
159.597 28.8946 6
159.579 29.0636 6
159.562 29.2327 6
159.544 29.4018 6
159.526 29.5711 6
159.508 29.7404 6
159.49 29.9099 6
159.473 30.0794 6
159.455 30.2491 6
159.437 30.4188 6
159.419 30.5887 6
159.401 30.7586 6
159.383 30.9287 6
159.365 31.0988 6
159.347 31.2691 6
158.346 40.7931 6
158.329 40.963 6
158.311 41.133 6
158.293 41.3031 6
158.275 41.4733 6
158.254 41.6433 6
158.23 41.813 6
158.203 41.9823 6
158.174 42.1512 6
158.141 42.3197 6
158.105 42.4877 6
158.067 42.6551 6
158.025 42.8219 6
157.98 42.9881 6
157.933 43.1536 6
157.883 43.3183 6
157.829 43.4822 6
157.773 43.6452 6
157.714 43.8073 6
157.652 43.9685 6
157.588 44.1287 6
157.52 44.2878 6
157.45 44.4458 6
157.377 44.6026 6
157.301 44.7582 6
157.222 44.9125 6
157.141 45.0656 6
157.057 45.2173 6
156.97 45.3676 6
156.88 45.5164 6
156.788 45.6637 6
156.696 45.8111 6
156.604 45.9587 6
156.512 46.1062 6
152.365 52.7432 6
152.273 52.8906 6
152.18 53.0381 6
152.088 53.1856 6
151.996 53.3333 6
151.904 53.481 6
151.811 53.6288 6
151.719 53.7767 6
151.626 53.9247 6
151.534 54.0727 6
151.441 54.2209 6
151.349 54.3691 6
151.256 54.5174 6
151.163 54.6658 6
151.07 54.8143 6
150.978 54.9629 6
150.885 55.1116 6
150.792 55.2603 6
150.699 55.4091 6
150.606 55.558 6
150.513 55.707 6
150.419 55.8561 6
150.326 56.0053 6
150.233 56.1545 6
150.14 56.3039 6
150.046 56.4533 6
149.953 56.6028 6
149.859 56.7524 6
149.766 56.9021 6
149.67 57.0502 6
149.571 57.1967 6
149.469 57.3415 6
149.365 57.4846 6
149.259 57.626 6
149.15 57.7655 6
149.038 57.9032 6
148.924 58.039 6
148.808 58.1729 6
148.689 58.3048 6
148.568 58.4347 6
148.445 58.5625 6
142.651 63.8044 6
142.519 63.9231 6
142.387 64.0419 6
142.255 64.1608 6
142.123 64.2798 6
141.991 64.3988 6
141.858 64.5179 6
141.726 64.637 6
141.594 64.7562 6
141.461 64.8755 6
141.329 64.9949 6
141.196 65.1143 6
141.063 65.2337 6
140.931 65.3533 6
140.798 65.4729 6
140.665 65.5926 6
140.532 65.7123 6
140.399 65.8322 6
140.266 65.9521 6
140.132 66.072 6
139.999 66.192 6
139.866 66.3121 6
139.732 66.4323 6
139.599 66.5525 6
139.465 66.6728 6
139.332 66.7931 6
139.198 66.9135 6
139.064 67.034 6
138.93 67.1546 6
138.796 67.2752 6
126.466 74.882 6
126.294 74.9345 6
126.122 74.9871 6
125.95 75.0397 6
125.778 75.0923 6
125.606 75.1449 6
125.433 75.1976 6
125.261 75.2503 6
125.088 75.3031 6
124.916 75.3558 6
124.743 75.4086 6
124.57 75.4614 6
124.398 75.5143 6
124.225 75.5671 6
124.052 75.6201 6
123.878 75.673 6
123.705 75.726 6
123.532 75.7789 6
123.358 75.832 6
123.185 75.885 6
123.011 75.9381 6
122.838 75.9912 6
122.664 76.0444 6
122.49 76.0975 6
122.316 76.1507 6
122.142 76.204 6
121.968 76.2572 6
121.793 76.3105 6
121.619 76.3638 6
121.444 76.4172 6
121.27 76.4705 6
121.095 76.5239 6
120.92 76.5774 6
120.745 76.6308 6
120.571 76.6843 6
113.576 78.8228 6
113.401 78.8763 6
113.226 78.9297 6
113.051 78.9832 6
112.876 79.0368 6
112.701 79.0903 6
112.526 79.1439 6
112.35 79.1975 6
112.175 79.2512 6
111.999 79.3048 6
111.824 79.3585 6
111.647 79.4092 6
111.469 79.4568 6
111.291 79.5013 6
111.112 79.5427 6
110.931 79.581 6
110.751 79.6161 6
110.569 79.6481 6
110.387 79.677 6
110.204 79.7027 6
110.021 79.7252 6
109.837 79.7445 6
109.653 79.7606 6
100.004 78.2772 6
99.8229 78.242 6
99.6416 78.2068 6
99.4603 78.1715 6
99.2788 78.1363 6
99.0973 78.101 6
98.9156 78.0657 6
98.7339 78.0303 6
98.552 77.995 6
98.3701 77.9596 6
98.1881 77.9242 6
98.0059 77.8888 6
97.8237 77.8534 6
97.6413 77.818 6
97.4589 77.7825 6
97.2764 77.747 6
97.0938 77.7115 6
96.911 77.676 6
96.7282 77.6405 6
96.5453 77.6049 6
96.3623 77.5694 6
96.1792 77.5338 6
95.9959 77.4982 6
95.8126 77.4625 6
95.6292 77.4269 6
95.4457 77.3912 6
95.2621 77.3555 6
95.0784 77.3198 6
94.8946 77.2841 6
94.7107 77.2483 6
94.5267 77.2126 6
94.3426 77.1768 6
94.1584 77.141 6
93.9741 77.1052 6
75.5903 73.4986 6
75.4106 73.447 6
75.2317 73.3924 6
75.0537 73.3345 6
74.8767 73.2736 6
74.7006 73.2095 6
74.5256 73.1423 6
74.3517 73.072 6
74.179 72.9987 6
74.0075 72.9223 6
73.8372 72.843 6
73.6683 72.7606 6
73.5007 72.6752 6
73.3346 72.5869 6
73.1699 72.4956 6
73.0068 72.4014 6
72.8453 72.3043 6
72.6854 72.2044 6
72.5272 72.1017 6
72.3707 71.9961 6
72.216 71.8878 6
72.0631 71.7767 6
71.9121 71.6629 6
71.7631 71.5465 6
71.616 71.4274 6
71.4709 71.3057 6
71.3279 71.1814 6
66.6271 66.5086 6
66.4933 66.3748 6
66.3593 66.2408 6
66.2253 66.1068 6
66.0912 65.9728 6
65.9571 65.8386 6
65.8229 65.7044 6
65.6886 65.5701 6
65.5542 65.4357 6
65.4198 65.3013 6
65.2853 65.1668 6
65.1507 65.0322 6
65.0184 64.8953 6
64.8885 64.7559 6
64.761 64.6143 6
64.6358 64.4703 6
64.5132 64.3242 6
64.393 64.1758 6
64.2754 64.0253 6
64.1604 63.8726 6
64.048 63.7179 6
63.9383 63.5612 6
63.8313 63.4025 6
63.727 63.2419 6
63.6254 63.0794 6
63.5267 62.9151 6
63.4308 62.749 6
60.7229 57.2428 6
60.6388 57.0705 6
60.5548 56.8981 6
60.4706 56.7257 6
60.3865 56.5531 6
60.3022 56.3804 6
60.218 56.2077 6
60.1337 56.0348 6
60.0493 55.8619 6
59.968 55.6874 6
59.8896 55.5115 6
59.8144 55.3341 6
59.7421 55.1553 6
59.673 54.9752 6
59.607 54.7938 6
59.5441 54.6113 6
59.4844 54.4275 6
59.4279 54.2427 6
59.3746 54.0567 6
59.3245 53.8698 6
59.2777 53.682 6
59.2341 53.4932 6
59.1938 53.3037 6
59.1568 53.1133 6
59.1231 52.9223 6
59.0927 52.7305 6
56.4857 36.2706 6
56.4555 36.0795 6
56.4252 35.8883 6
56.3949 35.697 6
56.3646 35.5057 6
56.3343 35.3142 6
56.3039 35.1226 6
56.2736 34.931 6
56.2432 34.7392 6
56.2128 34.5473 6
56.1824 34.3554 6
56.152 34.1633 6
56.1215 33.9712 6
56.0911 33.7789 6
56.0606 33.5865 6
56.0301 33.3941 6
55.9996 33.2015 6
55.9691 33.0089 6
55.9386 32.8161 6
55.9081 32.6233 6
52.5851 22.8217 6
52.4547 22.6768 6
52.3217 22.5342 6
52.1861 22.3938 6
52.0481 22.2558 6
51.9076 22.1201 6
51.7647 21.9868 6
51.6194 21.856 6
51.4717 21.7276 6
51.3218 21.6018 6
51.1696 21.4786 6
51.0152 21.358 6
50.8586 21.24 6
50.7 21.1247 6
50.5392 21.0122 6
50.3784 20.8996 6
50.2175 20.7869 6
50.0565 20.6742 6
44.2633 16.6177 6
44.1024 16.5051 6
43.9395 16.3952 6
43.7747 16.2881 6
43.6079 16.1839 6
43.4392 16.0826 6
43.2687 15.9841 6
43.0964 15.8886 6
42.9224 15.7961 6
42.7467 15.7066 6
42.5694 15.6201 6
42.3906 15.5367 6
42.2101 15.4564 6
42.0283 15.3792 6
41.845 15.3051 6
41.6604 15.2343 6
41.4744 15.1666 6
41.2872 15.1021 6
41.0988 15.0409 6
40.9093 14.983 6
40.7187 14.9283 6
40.5271 14.877 6
40.3345 14.829 6
40.141 14.7843 6
39.9467 14.743 6
39.7516 14.7051 6
31.4068 15.6679 6
31.2299 15.758 6
31.0545 15.8513 6
30.8807 15.9476 6
30.7084 16.047 6
30.5379 16.1495 6
30.3691 16.255 6
30.2021 16.3635 6
30.0369 16.4749 6
29.8736 16.5892 6
29.7122 16.7065 6
29.5528 16.8266 6
29.3955 16.9495 6
29.2403 17.0752 6
29.0872 17.2037 6
28.9363 17.3349 6
28.7876 17.4687 6
28.6412 17.6052 6
28.4972 17.7443 6
28.3555 17.886 6
28.2162 18.0302 6
23.9226 22.7935 6
23.7886 22.9424 6
23.6544 23.0914 6
23.5202 23.2404 6
23.386 23.3895 6
23.2517 23.5387 6
23.1173 23.6879 6
22.9828 23.8373 6
22.8483 23.9867 6
22.7137 24.1362 6
22.579 24.2857 6
22.4443 24.4353 6
22.3095 24.585 6
22.1747 24.7348 6
22.0397 24.8847 6
21.9047 25.0346 6
21.7697 25.1846 6
21.6345 25.3347 6
21.4993 25.4848 6
21.3641 25.6351 6
21.2288 25.7854 6
21.0934 25.9357 6
16.2813 34.1538 6
16.2532 34.3539 6
16.2251 34.5541 6
16.1969 34.7544 6
16.1688 34.9549 6
16.1406 35.1554 6
16.1124 35.356 6
16.0842 35.5567 6
16.056 35.7575 6
16.0277 35.9584 6
15.9995 36.1594 6
15.9712 36.3605 6
15.9429 36.5617 6
15.9146 36.763 6
15.8863 36.9644 6
15.858 37.1659 6
15.8297 37.3675 6
15.8013 37.5691 6
15.773 37.7709 6
15.7446 37.9728 6
15.7162 38.1748 6
15.6878 38.3769 6
15.6594 38.5791 6
14.5578 46.4175 6
14.53 46.6155 6
14.5021 46.8137 6
14.4742 47.0119 6
14.4464 47.2103 6
14.4185 47.4087 6
14.3906 47.6073 6
14.3627 47.8059 6
14.3347 48.0047 6
9.50532 78.9921 6
9.42107 79.1727 6
9.33364 79.352 6
9.24305 79.5298 6
9.14933 79.7061 6
9.05249 79.8808 6
8.95257 80.0538 6
8.8526 80.227 6
8.7526 80.4002 6
8.6526 80.5734 6
8.5526 80.7466 6
8.4526 80.9198 6
8.3526 81.093 6
8.2526 81.2662 6
8.1526 81.4394 6
8.0526 81.6126 6
7.9526 81.7858 6
7.8526 81.959 6
7.7526 82.1322 6
7.6526 82.3054 6
7.5526 82.4786 6
7.4526 82.6518 6
7.3526 82.825 6
7.2526 82.9982 6
7.1526 83.1714 6
7.0526 83.3446 6
6.9526 83.5178 6
6.8526 83.691 6
6.7526 83.8642 6
-1.8226 91.0013 6
-2.01846 91.0394 6
-2.21506 91.0741 6
-2.41233 91.1053 6
-2.61022 91.1331 6
-2.80866 91.1575 6
-3.00759 91.1784 6
-3.20696 91.1958 6
-3.4067 91.2098 6
-3.60676 91.2203 6
-3.80707 91.2273 6
-4.00756 91.2308 6
-4.20819 91.2308 6
-4.40889 91.2273 6
-4.6096 91.2203 6
-4.81026 91.2098 6
-5.0108 91.1957 6
-5.21116 91.1782 6
-5.41129 91.1572 6
-5.61112 91.1326 6
-5.81059 91.1046 6
-6.00964 91.0731 6
-6.2082 91.0381 6
-6.40623 90.9996 6
-6.60365 90.9576 6
-6.8004 90.9122 6
-6.99643 90.8633 6
-7.19167 90.811 6
-7.38607 90.7553 6
-7.57956 90.6961 6
-7.77208 90.6335 6
-7.96358 90.5676 6
-8.15399 90.4983 6
-13.2481 88.1619 6
-13.4292 88.0774 6
-13.6104 87.9929 6
-13.7917 87.9084 6
-13.973 87.8238 6
-14.1543 87.7393 6
-14.3358 87.6547 6
-14.517 87.5701 6
-14.6983 87.4856 6
-14.8795 87.4011 6
-15.0608 87.3166 6
-15.2421 87.232 6
-15.4233 87.1475 6
-15.6046 87.063 6
-15.7858 86.9785 6
-15.9671 86.8939 6
-16.1484 86.8094 6
-16.3296 86.7249 6
-16.5109 86.6404 6
-16.6922 86.5558 6
-16.8734 86.4713 6
-17.0547 86.3868 6
-17.2359 86.3022 6
-17.4172 86.2177 6
-17.5985 86.1332 6
-17.7797 86.0487 6
-17.961 85.9641 6
-18.1422 85.8796 6
-18.3235 85.7951 6
-18.5048 85.7106 6
-18.686 85.626 6
-18.8673 85.5415 6
-19.0485 85.457 6
-27.981 78.8176 6
-28.0747 78.6415 6
-28.1653 78.4636 6
-28.2529 78.2841 6
-28.3373 78.1029 6
-28.4186 77.9203 6
-28.4968 77.7362 6
-28.5718 77.5506 6
-28.6435 77.3636 6
-28.7121 77.1754 6
-28.7773 76.9859 6
-28.8393 76.7951 6
-28.8979 76.6033 6
-28.9533 76.4103 6
-29.0053 76.2163 6
-29.0539 76.0213 6
-29.0991 75.8254 6
-29.1409 75.6287 6
-29.1793 75.4312 6
-29.2143 75.2329 6
-29.2458 75.0339 6
-29.2738 74.8343 6
-29.2984 74.6342 6
-29.3195 74.4336 6
-29.3371 74.2325 6
-29.3512 74.0311 6
-29.3617 73.8293 6
-29.3688 73.6273 6
-29.3723 73.4251 6
-29.3723 73.2227 6
-29.3688 73.0203 6
-29.3617 72.8179 6
-29.3511 72.6155 6
-29.337 72.4133 6
-29.3193 72.2112 6
-29.2981 72.0094 6
-29.2733 71.8079 6
-29.2451 71.6067 6
-29.2133 71.406 6
-29.178 71.2057 6
-29.1392 71.006 6
-26.7531 63.0194 6
-26.6937 62.8251 6
-26.6342 62.6306 6
-26.5747 62.4361 6
-26.5152 62.2414 6
-26.4557 62.0467 6
-26.3961 61.8518 6
-26.3365 61.6569 6
-26.2769 61.4619 6
-26.2172 61.2667 6
-26.1575 61.0715 6
-26.0978 60.8762 6
-26.0381 60.6808 6
-21.9839 39.9055 6
-21.9981 39.7025 6
-22.0123 39.4994 6
-22.0265 39.2962 6
-22.0407 39.0929 6
-22.0549 38.8895 6
-22.0692 38.686 6
-22.0834 38.4824 6
-22.0977 38.2787 6
-22.1119 38.0749 6
-22.1262 37.871 6
-22.1404 37.667 6
-22.1547 37.4628 6
-22.169 37.2586 6
-22.1833 37.0543 6
-22.1976 36.8499 6
-22.2119 36.6454 6
-22.2262 36.4408 6
-22.2405 36.2361 6
-22.2548 36.0313 6
-22.2691 35.8264 6
-22.2835 35.6214 6
-22.2978 35.4163 6
-22.3122 35.2111 6
-22.3265 35.0058 6
-22.3445 34.8007 6
-22.366 34.5959 6
-24.4834 29.0789 6
-24.6044 28.9123 6
-24.7284 28.7477 6
-24.8553 28.5853 6
-24.9851 28.425 6
-25.1177 28.267 6
-25.2531 28.1112 6
-25.3913 27.9577 6
-25.5322 27.8066 6
-25.6758 27.6579 6
-25.8221 27.5117 6
-25.9709 27.3679 6
-26.1223 27.2267 6
-26.2763 27.0881 6
-26.4327 26.9522 6
-26.5915 26.8189 6
-26.7527 26.6884 6
-26.9162 26.5606 6
-27.082 26.4357 6
-32.9183 23.2793 6
-33.1031 23.1851 6
-33.2881 23.0909 6
-33.4732 22.9966 6
-33.6584 22.9022 6
-33.8436 22.8078 6
-34.0289 22.7134 6
-34.2144 22.6189 6
-34.3999 22.5244 6
-34.5855 22.4298 6
-34.7712 22.3352 6
-34.957 22.2405 6
-35.1429 22.1458 6
-35.3288 22.0511 6
-35.5149 21.9563 6
-35.701 21.8614 6
-35.8872 21.7665 6
-36.0736 21.6716 6
-36.26 21.5766 6
-36.4465 21.4816 6
-36.633 21.3865 6
-36.8197 21.2914 6
-37.0065 21.1963 6
-37.1933 21.101 6
-43.1727 18.0585 6
-43.3627 17.9699 6
-43.5543 17.8846 6
-43.7474 17.8027 6
-43.942 17.724 6
-44.1381 17.6488 6
-44.3355 17.5769 6
-44.5342 17.5085 6
-44.7342 17.4435 6
-44.9354 17.382 6
-45.1378 17.324 6
-45.3412 17.2694 6
-45.5457 17.2185 6
-45.7511 17.1711 6
-45.9573 17.1272 6
-46.1645 17.0869 6
-46.3724 17.0503 6
-46.581 17.0172 6
-46.7902 16.9878 6
-47 16.9621 6
-47.2104 16.94 6
-47.4212 16.9215 6
-47.6324 16.9068 6
-47.8439 16.8957 6
-54.3474 18.4565 6
-54.5307 18.5624 6
-54.7123 18.6715 6
-54.892 18.7838 6
-55.0698 18.8992 6
-55.2456 19.0178 6
-55.4194 19.1395 6
-55.5911 19.2643 6
-55.7608 19.3921 6
-55.9282 19.5229 6
-56.0934 19.6567 6
-56.2564 19.7934 6
-56.417 19.9331 6
-56.5752 20.0755 6
-56.7309 20.2208 6
-56.8842 20.3688 6
-57.035 20.5195 6
-57.1831 20.673 6
-57.3287 20.829 6
-57.4715 20.9877 6
-57.6116 21.1489 6
-57.749 21.3126 6
-57.8836 21.4787 6
-58.0152 21.6473 6
-61.4123 26.3165 6
-61.5379 26.4895 6
-61.6637 26.6626 6
-61.7895 26.8357 6
-61.9154 27.009 6
-62.0413 27.1823 6
-62.1673 27.3557 6
-62.2933 27.5292 6
-62.4194 27.7027 6
-62.5455 27.8764 6
-62.6718 28.0501 6
-62.798 28.2239 6
-62.9244 28.3978 6
-63.0508 28.5717 6
-63.1772 28.7458 6
-63.3037 28.9199 6
-70.8874 39.358 6
-71.0137 39.5318 6
-71.14 39.7057 6
-71.2664 39.8796 6
-71.3929 40.0537 6
-71.5194 40.2278 6
-71.646 40.402 6
-71.7726 40.5763 6
-71.8993 40.7507 6
-72.0261 40.9252 6
-72.1529 41.0997 6
-94.0165 79.7622 6
-94.1422 79.9352 6
-94.268 80.1083 6
-94.3938 80.2815 6
-94.5197 80.4548 6
-94.6456 80.6281 6
-94.7716 80.8016 6
-94.8977 80.9751 6
-95.0238 81.1487 6
-95.15 81.3223 6
-95.2762 81.4961 6
-95.4025 81.6699 6
-95.5289 81.8438 6
-95.6553 82.0178 6
-95.7848 82.1897 6
-95.9174 82.3593 6
-96.0529 82.5267 6
-96.1914 82.6917 6
-96.3328 82.8544 6
-96.4771 83.0147 6
-96.6243 83.1725 6
-104.189 86.945 6
-104.403 86.9676 6
-104.618 86.9864 6
-104.833 87.0014 6
-105.049 87.0127 6
-105.265 87.0203 6
-105.481 87.024 6
-105.697 87.024 6
-105.913 87.0203 6
-106.129 87.0127 6
-106.346 87.0014 6
-106.562 86.9863 6
-106.778 86.9674 6
-106.993 86.9447 6
-107.208 86.9183 6
-107.423 86.8881 6
-107.638 86.8541 6
-107.852 86.8164 6
-108.065 86.775 6
-108.277 86.7298 6
-108.489 86.6809 6
-108.701 86.6282 6
-108.911 86.5719 6
-109.12 86.5119 6
-109.328 86.4482 6
-109.536 86.3808 6
-109.742 86.3098 6
-109.947 86.2352 6
-110.151 86.1569 6
-110.353 86.0751 6
-110.554 85.9898 6
-110.754 85.9009 6
-110.952 85.8084 6
-111.149 85.7125 6
-111.344 85.6132 6
-111.537 85.5104 6
-115.483 82.115 6
-115.6 81.9532 6
-115.715 81.7893 6
-115.827 81.6233 6
-115.936 81.4553 6
-116.045 81.2876 6
-116.154 81.1198 6
-116.263 80.9519 6
-116.372 80.7839 6
-116.481 80.6158 6
-116.59 80.4477 6
-116.7 80.2794 6
-116.809 80.1111 6
-116.918 79.9427 6
-117.028 79.7742 6
-117.137 79.6057 6
-117.247 79.437 6
-117.356 79.2683 6
-117.466 79.0994 6
-117.576 78.9305 6
-117.685 78.7616 6
-117.795 78.5925 6
-117.905 78.4233 6
-118.015 78.2541 6
-118.125 78.0847 6
-118.235 77.9153 6
-118.345 77.7458 6
-118.455 77.5763 6
-118.565 77.4066 6
-118.676 77.2369 6
-118.786 77.067 6
-118.895 76.8993 6
-122.924 70.6956 6
-123.032 70.528 6
-123.141 70.3603 6
-123.25 70.1926 6
-123.359 70.0247 6
-123.468 69.8568 6
-123.577 69.6887 6
-123.687 69.5206 6
-123.796 69.3524 6
-123.905 69.1842 6
-124.014 69.0158 6
-124.124 68.8474 6
-124.233 68.6788 6
-124.34 68.5083 6
-124.443 68.3359 6
-124.544 68.1617 6
-124.642 67.9856 6
-124.736 67.8077 6
-124.828 67.6281 6
-124.916 67.4469 6
-125.001 67.2641 6
-125.083 67.0797 6
-126.13 60.1511 6
-126.137 59.9495 6
-126.144 59.7479 6
-126.151 59.5461 6
-126.158 59.3442 6
-126.165 59.1422 6
-126.173 58.9401 6
-126.18 58.738 6
-126.187 58.5357 6
-126.194 58.3333 6
-126.201 58.1308 6
-126.208 57.9283 6
-126.215 57.7256 6
-126.222 57.5228 6
-126.229 57.3199 6
-126.236 57.117 6
-126.243 56.9139 6
-126.25 56.7107 6
-126.258 56.5074 6
-126.265 56.3041 6
-126.272 56.1006 6
-126.279 55.897 6
-126.286 55.6933 6
-126.293 55.4895 6
-126.3 55.2857 6
-126.307 55.0817 6
-126.314 54.8776 6
-126.528 48.7567 6
-126.535 48.5527 6
-126.542 48.3486 6
-126.55 48.1444 6
-126.557 47.9402 6
-126.564 47.7358 6
-126.571 47.5313 6
-126.578 47.3267 6
-126.585 47.122 6
-126.592 46.9172 6
-126.6 46.7123 6
-126.607 46.5074 6
-126.614 46.3023 6
-126.621 46.0971 6
-126.628 45.8918 6
-126.635 45.6864 6
-126.643 45.4809 6
-126.65 45.2753 6
-126.657 45.0697 6
-126.664 44.8639 6
-126.671 44.658 6
-126.678 44.452 6
-126.686 44.2459 6
-126.693 44.0397 6
-126.7 43.8335 6
-126.22 35.0322 6
-126.166 34.8331 6
-126.113 34.6338 6
-126.059 34.4345 6
-126.006 34.235 6
-125.952 34.0354 6
-125.899 33.8358 6
-125.845 33.6361 6
-125.792 33.4362 6
-125.738 33.2363 6
-125.685 33.0362 6
-125.631 32.8361 6
-125.577 32.6359 6
-125.524 32.4356 6
-125.47 32.2351 6
-125.416 32.0346 6
-125.363 31.834 6
-125.309 31.6333 6
-125.255 31.4325 6
-125.201 31.2316 6
-125.147 31.0306 6
-120.796 21.7439 6
-120.668 21.5801 6
-120.54 21.4163 6
-120.412 21.2524 6
-120.284 21.0884 6
-120.156 20.9244 6
-120.028 20.7602 6
-119.9 20.596 6
-119.771 20.4317 6
-119.643 20.2673 6
-119.514 20.1029 6
-119.386 19.9383 6
-119.257 19.7737 6
-119.128 19.609 6
-119 19.4442 6
-118.871 19.2794 6
-118.742 19.1144 6
-118.613 18.9494 6
-118.484 18.7843 6
-118.355 18.6192 6
-118.226 18.4539 6
-118.097 18.2886 6
-115.126 14.4863 6
-114.997 14.321 6
-114.868 14.1556 6
-114.738 13.9902 6
-114.609 13.8246 6
-114.48 13.659 6
-114.35 13.4933 6
-114.221 13.3275 6
-114.091 13.1616 6
-113.962 12.9957 6
-113.832 12.8297 6
-113.702 12.6636 6
-113.572 12.4974 6
-113.442 12.3311 6
-113.312 12.1648 6
-113.182 11.9984 6
-113.052 11.8319 6
-112.922 11.6653 6
-112.792 11.4987 6
-112.662 11.332 6
-112.531 11.1652 6
-112.401 10.9983 6
-112.271 10.8313 6
-112.14 10.6643 6
-112.009 10.4971 6
-111.879 10.3299 6
-111.748 10.1627 6
-111.617 9.99531 6
-111.487 9.82787 6
-106.022 3.64658 6
-105.848 3.52481 6
-105.672 3.40604 6
-105.494 3.2903 6
-105.314 3.17764 6
-105.131 3.06809 6
-104.947 2.96169 6
-104.761 2.85848 6
-104.573 2.75848 6
-104.383 2.66173 6
-104.191 2.56827 6
-103.998 2.47813 6
-103.803 2.39133 6
-103.607 2.30791 6
-103.409 2.22789 6
-103.209 2.15131 6
-103.009 2.07469 6
-102.81 1.99803 6
-102.623 1.92636 6
-102.436 1.85469 6
-102.25 1.78301 6
-102.063 1.71134 6
-101.876 1.63967 6
-101.689 1.56799 6
-101.503 1.49632 6
-101.316 1.42465 6
-101.129 1.35297 6
-100.943 1.2813 6
-95.1588 -0.938917 6
-94.9722 -1.01052 6
-94.7856 -1.08216 6
-94.5989 -1.15383 6
-94.4122 -1.2255 6
-94.2255 -1.29718 6
-94.0387 -1.36885 6
-93.852 -1.44052 6
-93.6653 -1.5122 6
-93.4786 -1.58387 6
-93.2919 -1.65555 6
-93.1052 -1.72722 6
-92.9185 -1.79889 6
-92.7318 -1.87057 6
-92.545 -1.94224 6
-92.3583 -2.01391 6
-92.1716 -2.08559 6
-91.9849 -2.15726 6
-91.7982 -2.22893 6
-91.6115 -2.30061 6
-91.4248 -2.37228 6
-91.238 -2.44396 6
-91.0513 -2.51563 6
-78.4295 -7.92655 6
-78.2745 -8.05205 6
-78.1217 -8.1803 6
-77.971 -8.31126 6
-77.8226 -8.4449 6
-77.6765 -8.58118 6
-77.5326 -8.72006 6
-77.3912 -8.86148 6
-77.2523 -9.00535 6
-77.1159 -9.15162 6
-76.9821 -9.30025 6
-76.8509 -9.45119 6
-76.7223 -9.6044 6
-76.5964 -9.75982 6
-76.4706 -9.91525 6
-76.3447 -10.0707 6
-76.2188 -10.2261 6
-71.1892 -16.4372 6
-71.0635 -16.5924 6
-70.9378 -16.7477 6
-70.812 -16.9031 6
-70.6834 -17.0563 6
-70.5521 -17.2073 6
-70.4181 -17.3561 6
-70.2815 -17.5026 6
-70.1423 -17.6468 6
-70.0005 -17.7885 6
-69.8562 -17.9279 6
-69.7094 -18.0648 6
-69.5602 -18.1991 6
-69.4086 -18.331 6
-69.2546 -18.4602 6
-69.0983 -18.5867 6
-68.9398 -18.7106 6
-68.779 -18.8318 6
-68.616 -18.9501 6
-68.451 -19.0657 6
-68.2838 -19.1785 6
-68.1147 -19.2883 6
-67.9435 -19.3953 6
-67.7704 -19.4993 6
-67.5955 -19.6003 6
-67.4187 -19.6982 6
-67.2402 -19.7932 6
-67.0599 -19.885 6
-66.878 -19.9737 6
-66.6945 -20.0593 6
-66.5094 -20.1417 6
-59.532 -22.2454 6
-59.3373 -22.3012 6
-59.1426 -22.357 6
-58.9478 -22.4129 6
-58.7529 -22.4688 6
-58.5579 -22.5247 6
-58.3628 -22.5806 6
-58.1676 -22.6366 6
-57.9723 -22.6926 6
-57.777 -22.7486 6
-57.5815 -22.8047 6
-57.3859 -22.8608 6
-57.1902 -22.9169 6
-56.9944 -22.973 6
-56.7986 -23.0292 6
-56.6026 -23.0854 6
-56.4066 -23.1416 6
-56.2104 -23.1978 6
-56.0141 -23.2541 6
-55.8178 -23.3104 6
-55.6214 -23.3667 6
-55.4248 -23.4231 6
-55.2282 -23.4795 6
-55.0314 -23.5359 6
-54.8346 -23.5923 6
-54.6377 -23.6488 6
-54.4407 -23.7053 6
-54.2436 -23.7618 6
-54.0463 -23.8184 6
-53.849 -23.8749 6
-48.3253 -25.4588 6
-48.1281 -25.5154 6
-47.9307 -25.572 6
-47.7333 -25.6286 6
-47.5358 -25.6852 6
-47.3382 -25.7419 6
-47.1404 -25.7986 6
-46.9426 -25.8553 6
-46.7447 -25.9121 6
-46.5467 -25.9688 6
-46.3486 -26.0257 6
-46.1504 -26.0825 6
-45.9521 -26.1393 6
-45.7537 -26.1962 6
-45.5552 -26.2532 6
-45.3557 -26.3066 6
-45.1551 -26.3566 6
-44.9536 -26.4031 6
-44.7512 -26.4462 6
-44.5481 -26.4857 6
-44.3441 -26.5216 6
-44.1395 -26.554 6
-43.9342 -26.5829 6
-43.7284 -26.6082 6
-43.522 -26.6298 6
-26.9687 -25.8927 6
-26.7621 -25.8818 6
-26.5554 -25.871 6
-26.3486 -25.8602 6
-26.1416 -25.8493 6
-25.9346 -25.8385 6
-25.7275 -25.8276 6
-25.5203 -25.8168 6
-25.313 -25.8059 6
-25.1056 -25.795 6
-24.8981 -25.7842 6
-24.6904 -25.7733 6
-24.4827 -25.7624 6
-24.2749 -25.7515 6
-24.067 -25.7406 6
-23.859 -25.7297 6
-23.6509 -25.7188 6
-11.7986 -25.0976 6
-11.5908 -25.0868 6
-11.383 -25.0759 6
-11.175 -25.065 6
-10.9669 -25.0541 6
-10.7588 -25.0431 6
-10.5505 -25.0322 6
-10.3422 -25.0213 6
-10.1337 -25.0104 6
-9.92517 -24.9995 6
-9.71651 -24.9885 6
-9.50776 -24.9776 6
-9.29891 -24.9666 6
-9.08995 -24.9557 6
-8.8809 -24.9447 6
-8.67175 -24.9338 6
-8.46249 -24.9228 6
-8.25314 -24.9118 6
-8.04369 -24.9009 6
-7.83413 -24.8899 6
-7.62448 -24.8789 6
-7.41473 -24.8679 6
-7.20487 -24.8569 6
-0.491351 -24.5051 6
-0.281608 -24.4941 6
-0.0717659 -24.4831 6
0.138177 -24.4721 6
0.348219 -24.4611 6
0.558361 -24.45 6
0.768603 -24.439 6
0.978945 -24.428 6
1.18939 -24.417 6
1.39993 -24.4059 6
1.61057 -24.3949 6
1.82131 -24.3839 6
2.03215 -24.3728 6
2.24309 -24.3617 6
2.45413 -24.3507 6
2.66528 -24.3396 6
2.87652 -24.3286 6
12.377 -23.8307 6
12.588 -23.8196 6
12.7991 -23.8085 6
13.0103 -23.7975 6
13.2216 -23.7864 6
13.433 -23.7753 6
13.6445 -23.7642 6
13.8561 -23.7531 6
14.0678 -23.742 6
14.2796 -23.7309 6
14.4915 -23.7198 6
14.7035 -23.7087 6
14.9156 -23.6976 6
15.1278 -23.6865 6
15.3401 -23.6754 6
15.5525 -23.6642 6
15.765 -23.6531 6
15.9776 -23.642 6
16.1903 -23.6308 6
16.4031 -23.6197 6
16.616 -23.6085 6
16.8289 -23.5973 6
17.042 -23.5862 6
17.2552 -23.575 6
17.4685 -23.5638 6
17.6819 -23.5526 6
28.5576 -22.9827 6
28.7707 -22.9715 6
28.9839 -22.9603 6
29.1972 -22.9491 6
29.4106 -22.938 6
29.6241 -22.9268 6
29.8377 -22.9156 6
30.0514 -22.9044 6
30.2652 -22.8932 6
30.4791 -22.882 6
30.6931 -22.8707 6
59.5919 -23.6155 6
59.8018 -23.6525 6
60.0118 -23.6896 6
60.2219 -23.7266 6
60.4321 -23.7637 6
60.6423 -23.8008 6
60.8527 -23.8379 6
61.0632 -23.875 6
61.2738 -23.9121 6
61.4845 -23.9493 6
61.6953 -23.9864 6
61.9062 -24.0236 6
62.1172 -24.0608 6
62.3283 -24.098 6
62.5395 -24.1353 6
62.7507 -24.1725 6
62.9621 -24.2098 6
63.1736 -24.2471 6
63.3852 -24.2844 6
63.5968 -24.3217 6
63.8086 -24.3591 6
64.0205 -24.3964 6
64.2325 -24.4338 6
64.4445 -24.4712 6
64.6567 -24.5086 6
64.869 -24.546 6
65.0813 -24.5835 6
65.2938 -24.6209 6
65.5063 -24.6584 6
81.028 -27.1861 6
81.2433 -27.1823 6
81.4586 -27.1748 6
81.6738 -27.1635 6
81.8889 -27.1485 6
82.1038 -27.1297 6
82.3185 -27.1071 6
82.5328 -27.0808 6
82.7472 -27.0545 6
82.9617 -27.0281 6
83.1763 -27.0018 6
83.391 -26.9754 6
83.6058 -26.9491 6
83.8207 -26.9227 6
84.0357 -26.8963 6
84.2508 -26.8699 6
84.466 -26.8434 6
84.6813 -26.817 6
84.8967 -26.7906 6
85.1122 -26.7641 6
85.3278 -26.7376 6
85.5435 -26.7111 6
98.474 -25.1235 6
98.6893 -25.097 6
98.9047 -25.0706 6
99.1202 -25.0441 6
99.3359 -25.0176 6
99.5516 -24.9912 6
99.7674 -24.9647 6
99.9833 -24.9382 6
100.199 -24.9116 6
100.415 -24.8851 6
100.632 -24.8585 6
100.848 -24.832 6
101.064 -24.8054 6
101.281 -24.7788 6
101.497 -24.7522 6
101.714 -24.7256 6
101.931 -24.699 6
102.148 -24.6724 6
102.365 -24.6457 6
102.582 -24.6191 6
102.799 -24.5924 6
103.016 -24.5657 6
130.547 -21.1854 6
130.763 -21.1589 6
130.979 -21.1323 6
131.196 -21.1057 6
131.412 -21.0792 6
131.629 -21.0526 6
131.846 -21.0259 6
132.063 -20.9993 6
132.279 -20.9727 6
132.497 -20.946 6
132.714 -20.9194 6
132.931 -20.8927 6
133.148 -20.866 6
133.366 -20.8393 6
133.583 -20.8126 6
133.801 -20.7859 6
134.019 -20.7591 6
134.236 -20.7324 6
134.454 -20.7056 6
134.672 -20.6789 6
134.891 -20.6521 6
135.109 -20.6253 6
135.327 -20.5985 6
135.546 -20.5717 6
135.764 -20.5448 6
135.983 -20.518 6
136.201 -20.4911 6
136.42 -20.4643 6
136.639 -20.4374 6
136.858 -20.4105 6
137.077 -20.3836 6
137.296 -20.3528 6
137.514 -20.3183 6
137.732 -20.2799 6
137.949 -20.2377 6
138.166 -20.1917 6
138.381 -20.1419 6
138.596 -20.0883 6
145.585 -15.9633 6
145.759 -15.827 6
145.934 -15.6907 6
146.108 -15.5543 6
146.283 -15.4179 6
146.458 -15.2814 6
146.632 -15.1448 6
146.807 -15.0082 6
146.982 -14.8715 6
147.157 -14.7348 6
147.332 -14.598 6
147.508 -14.4611 6
147.683 -14.3242 6
147.858 -14.1872 6
148.034 -14.0501 6
148.209 -13.913 6
148.385 -13.7758 6
148.56 -13.6386 6
148.736 -13.5013 6
148.912 -13.3639 6
149.088 -13.2265 6
149.264 -13.089 6
149.44 -12.9515 6
149.616 -12.8139 6
149.792 -12.6762 6
149.968 -12.5385 6
150.145 -12.4007 6
150.321 -12.2628 6
150.498 -12.1249 6
150.674 -11.9869 6
150.851 -11.8489 6
151.028 -11.7108 6
151.205 -11.5726 6
151.382 -11.4344 6
151.559 -11.2961 6
151.736 -11.1578 6
151.913 -11.0194 6
154.748 -8.80459 6
154.925 -8.66616 6
155.102 -8.52766 6
155.279 -8.38909 6
155.457 -8.25047 6
155.634 -8.11179 6
155.812 -7.97304 6
155.99 -7.83423 6
156.167 -7.69536 6
156.345 -7.55643 6
156.523 -7.41744 6
156.701 -7.27838 6
156.879 -7.13927 6
157.057 -7.00009 6
157.235 -6.86085 6
157.414 -6.72155 6
157.592 -6.58219 6
157.771 -6.44276 6
157.947 -6.30018 6
158.12 -6.15449 6
158.291 -6.00572 6
158.46 -5.85392 6
158.626 -5.69913 6
158.789 -5.5414 6
158.95 -5.38078 6
159.108 -5.2173 6
159.263 -5.05102 6
159.415 -4.88198 6
159.564 -4.71024 6
163.029 3.11374 6
163.091 3.33232 6
163.15 3.55206 6
163.205 3.77289 6
163.257 3.99475 6
163.304 4.21756 6
163.347 4.44127 6
163.387 4.66579 6
163.423 4.89108 6
163.454 5.11705 6
163.482 5.34364 6
163.506 5.57078 6
163.526 5.7984 6
163.542 6.02643 6
163.554 6.25481 6
163.562 6.48347 6
163.566 6.71232 6
163.566 6.94131 6
163.562 7.17037 6
163.554 7.39942 6
163.542 7.6284 6
163.526 7.85723 6
163.506 8.08585 6
163.486 8.31457 6
163.466 8.54339 6
163.446 8.77231 6
163.426 9.00132 6
163.406 9.23044 6
163.386 9.45966 6
163.366 9.68897 6
163.346 9.91839 6
163.326 10.1479 6
161.481 31.2308 6
161.461 31.4596 6
161.441 31.6885 6
161.421 31.9175 6
161.401 32.1466 6
161.381 32.3758 6
161.361 32.6051 6
161.341 32.8345 6
161.321 33.064 6
161.301 33.2936 6
161.28 33.5233 6
161.26 33.7531 6
161.24 33.983 6
161.22 34.213 6
161.2 34.4431 6
161.18 34.6733 6
161.16 34.9036 6
161.14 35.134 6
161.119 35.3645 6
161.099 35.5951 6
161.079 35.8258 6
161.055 36.0563 6
161.027 36.2863 6
160.994 36.5159 6
160.958 36.7451 6
160.918 36.9736 6
160.873 37.2015 6
160.825 37.4287 6
160.773 37.6552 6
157.597 46.6305 6
157.517 46.8486 6
157.438 47.0669 6
157.358 47.2853 6
157.279 47.5037 6
157.199 47.7223 6
157.12 47.941 6
157.04 48.1597 6
156.96 48.3785 6
156.877 48.596 6
156.79 48.8122 6
156.699 49.0268 6
156.604 49.2399 6
156.505 49.4514 6
156.403 49.6613 6
156.297 49.8694 6
156.187 50.0757 6
156.074 50.2802 6
155.957 50.4828 6
155.836 50.6833 6
155.712 50.8818 6
155.585 51.0782 6
155.454 51.2725 6
155.319 51.4645 6
155.181 51.6542 6
155.04 51.8415 6
154.896 52.0264 6
147.264 58.9582 6
147.087 59.112 6
146.907 59.2627 6
146.725 59.4104 6
146.54 59.5549 6
146.353 59.6963 6
146.162 59.8344 6
145.97 59.9692 6
145.775 60.1007 6
145.578 60.2288 6
145.378 60.3535 6
145.176 60.4748 6
144.972 60.5926 6
144.766 60.7068 6
144.558 60.8175 6
144.348 60.9246 6
144.138 61.0317 6
143.927 61.1389 6
143.717 61.2461 6
143.506 61.3533 6
143.296 61.4606 6
143.085 61.568 6
142.874 61.6754 6
142.663 61.7828 6
142.452 61.8903 6
134.65 65.8658 6
134.439 65.9733 6
134.228 66.0807 6
134.017 66.1882 6
133.806 66.2958 6
133.595 66.4033 6
133.384 66.511 6
133.173 66.6187 6
132.961 66.7264 6
132.75 66.8342 6
132.538 66.942 6
132.326 67.0498 6
132.115 67.1578 6
131.903 67.2657 6
131.691 67.3737 6
131.479 67.4818 6
131.266 67.5899 6
131.054 67.698 6
130.842 67.8062 6
130.63 67.9144 6
130.417 68.0227 6
130.204 68.131 6
129.992 68.2394 6
129.779 68.3478 6
129.566 68.4562 6
129.353 68.5647 6
129.14 68.6733 6
128.927 68.7819 6
128.714 68.8905 6
117.203 74.7416 6
116.985 74.8388 6
116.765 74.9322 6
116.543 75.0218 6
116.319 75.1075 6
116.094 75.1894 6
115.868 75.2674 6
115.64 75.3414 6
115.411 75.4115 6
115.181 75.4775 6
114.949 75.5396 6
114.716 75.5977 6
114.482 75.6517 6
114.247 75.7016 6
114.011 75.7475 6
113.775 75.7892 6
113.537 75.8268 6
113.299 75.8603 6
113.06 75.8896 6
112.821 75.9148 6
112.581 75.9358 6
112.34 75.9526 6
112.1 75.9652 6
111.859 75.9736 6
111.617 75.9778 6
111.376 75.9778 6
111.135 75.9736 6
110.893 75.9652 6
110.693 75.9582 6
110.493 75.9512 6
110.294 75.9442 6
110.094 75.9373 6
109.894 75.9303 6
109.694 75.9233 6
100.111 75.5887 6
99.9115 75.5817 6
99.7119 75.5747 6
99.5122 75.5677 6
99.3124 75.5608 6
99.1125 75.5538 6
98.9126 75.5468 6
98.7128 75.5398 6
98.5129 75.5328 6
98.313 75.5259 6
98.1131 75.5189 6
97.9133 75.5119 6
97.7134 75.5049 6
97.5135 75.4979 6
97.3136 75.491 6
97.1138 75.484 6
96.9139 75.477 6
96.714 75.47 6
96.5141 75.463 6
96.3143 75.456 6
81.3511 74.9335 6
81.1519 74.9266 6
80.9527 74.9161 6
80.7536 74.9022 6
80.5547 74.8848 6
80.3561 74.8639 6
80.1577 74.8396 6
79.9597 74.8117 6
79.7621 74.7804 6
79.5652 74.7457 6
79.3688 74.7075 6
79.1732 74.666 6
78.9783 74.621 6
78.7843 74.5726 6
78.5911 74.5208 6
78.3988 74.4657 6
78.2076 74.4072 6
78.0174 74.3454 6
77.8283 74.2803 6
77.6403 74.2119 6
77.4536 74.1402 6
77.2682 74.0653 6
77.0841 73.9872 6
76.9014 73.9058 6
76.7201 73.8213 6
76.5404 73.7336 6
76.3622 73.6428 6
76.1856 73.5489 6
76.0106 73.452 6
75.8374 73.352 6
75.666 73.2489 6
75.4946 73.1459 6
75.3231 73.0429 6
75.1517 72.9399 6
68.301 68.8236 6
68.1299 68.7208 6
67.9604 68.6149 6
67.7927 68.506 6
67.6269 68.3942 6
67.4631 68.2795 6
67.3013 68.1619 6
67.1416 68.0416 6
66.984 67.9184 6
66.8285 67.7926 6
66.6753 67.664 6
66.5244 67.5328 6
66.3758 67.399 6
66.2295 67.2626 6
66.0856 67.1236 6
65.9441 66.9821 6
65.8051 66.8381 6
65.6659 66.6941 6
65.5267 66.5499 6
65.3874 66.4057 6
65.2481 66.2614 6
65.1087 66.117 6
64.9692 65.9726 6
64.8296 65.828 6
