123.341 -24.5413 5
141.931 -21.5597 5
159.013 -11.5331 5
168.088 4.16216 5
169.921 17.8533 5
168.182 32.0971 5
159.687 51.291 5
146.698 65.3407 5
132.956 75.5266 5
113.858 83.4132 5
100.223 84.9961 5
87.4058 84.9101 5
75.9065 83.2332 5
67.847 79.073 5
62.0726 72.9341 5
57.4895 64.1106 5
55.2457 57.129 5
52.9897 45.3022 5
50.3238 32.9129 5
46.5344 24.1292 5
41.8365 18.0714 5
37.2496 15.2768 5
31.5299 15.1019 5
24.2805 19.0073 5
20.0907 23.3944 5
17.4239 29.2937 5
16.1262 38.644 5
15.8508 48.8246 5
16.354 60.829 5
16.4688 73.8445 5
12.7257 87.4537 5
3.15872 95.8553 5
-9.22936 96.8551 5
-16.0727 95.5015 5
-23.9651 87.9012 5
-26.0628 78.5757 5
-24.2611 67.4948 5
-23.0156 57.6362 5
-21.4953 45.0667 5
-22.9241 32.2275 5
-29.1683 22.6398 5
-38.6258 18.6638 5
-47.885 17.9781 5
-59.2998 19.7991 5
-66.2288 23.6328 5
-70.8217 29.5867 5
-74.271 40.3307 5
-77.9332 53.2784 5
-81.1993 65.8169 5
-85.7076 77.4318 5
-92.5182 86.2999 5
-101.62 89.6687 5
-108.645 89.2529 5
-114.964 85.5022 5
-123.451 74.7979 5
-128.038 65.7823 5
-130.87 55.4492 5
-131.79 42.7907 5
-129.954 31.1684 5
-125.062 19.3087 5
-117.253 6.75748 5
-107.409 -3.12166 5
-90.6475 -14.1771 5
-76.0168 -20.8333 5
-62.1656 -23.4404 5
-49.2678 -24.3822 5
-33.3464 -24.0486 5
-15.4505 -24.0274 5
5.24818 -25.3151 5
25.5147 -24.9335 5
46.5985 -25.3394 5
65.4503 -25.6476 5
92.1173 -25.0888 5
116.497 -24.578 5
